3
-2566903.34891018 -506232.151407748 0
-651990301.494453 3469623507.87287 0
-1301413699.64951 6939753247.89531 0
-1950837097.80458 10409882987.9177 0
-2600260495.95963 13880012727.9402 0
-3249683894.11469 17350142467.9626 0
-3899107292.26974 20820272207.985 0
-4548530690.42481 24290401948.0075 0
-5197954088.57987 27760531688.03 0
-5847377486.73494 31230661428.0524 0
-6496800884.89001 34700791168.0749 0
-7146224283.04508 38170920908.0973 0
-7795647681.20014 41641050648.1198 0
-8445071079.35521 45111180388.1423 0
-9094494477.51026 48581310128.1647 0
-9743917875.6653 52051439868.1872 0
-10393341273.8203 55521569608.2096 0
-11042764671.9754 58991699348.2321 0
-11692188070.1304 62461829088.2546 0
-12341611468.2855 65931958828.277 0
-12991034866.4405 69402088568.2995 0
-13640458264.5956 72872218308.3219 0
-14289881662.7506 76342348048.3444 0
-14939305060.9057 79812477788.3669 0
-15588728459.0607 83282607528.3893 0
-16238151857.2158 86752737268.4118 0
-16887575255.3708 90222867008.4343 0
-17536998653.5259 93692996748.4567 0
-18186422051.681 97163126488.4792 0
-18835845449.836 100633256228.502 0
-19485268847.9911 104103385968.524 0
-20134692246.1462 107573515708.547 0
-20784115644.3013 111043645448.569 0
-21433539042.4564 114513775188.591 0
-22082962440.6115 117983904928.614 0
-22732385838.7666 121454034668.636 0
-23381809236.9217 124924164408.659 0
-24031232635.0768 128394294148.681 0
-24680656033.2319 131864423888.704 0
-25330079431.3869 135334553628.726 0
-25979502829.542 138804683368.749 0
-26628926227.6971 142274813108.771 0
-27278349625.8522 145744942848.794 0
-27927773024.0073 149215072588.816 0
-28577196422.1624 152685202328.839 0
-29226619820.3175 156155332068.861 0
-29876043218.4726 159625461808.883 0
-30525466616.6277 163095591548.906 0
-31174890014.7828 166565721288.928 0
-31824313412.9379 170035851028.951 0
-32473736811.0929 173505980768.973 0
-33123160209.248 176976110508.996 0
-33772583607.4031 180446240249.018 0
-34422007005.5582 183916369989.041 0
-35071430403.7133 187386499729.063 0
-35720853801.8684 190856629469.086 0
-36370277200.0235 194326759209.108 0
-37019700598.1786 197796888949.131 0
-37669123996.3337 201267018689.153 0
-38318547394.4888 204737148429.175 0
-38967970792.6438 208207278169.198 0
-39617394190.7989 211677407909.22 0
-40266817588.954 215147537649.243 0
-40916240987.1091 218617667389.265 0
-41565664385.2642 222087797129.288 0
-42215087783.4193 225557926869.31 0
-42864511181.5744 229028056609.333 0
-43513934579.7295 232498186349.355 0
-44163357977.8846 235968316089.378 0
-44812781376.0397 239438445829.4 0
-45462204774.1947 242908575569.423 0
-46111628172.3498 246378705309.445 0
-46761051570.5049 249848835049.467 0
-47410474968.66 253318964789.49 0
-48059898366.8151 256789094529.512 0
-48709321764.9702 260259224269.535 0
-49358745163.1253 263729354009.557 0
-50008168561.2804 267199483749.58 0
-50657591959.4355 270669613489.602 0
-51307015357.5906 274139743229.625 0
-51956438755.7457 277609872969.647 0
-52605862153.9007 281080002709.67 0
-53255285552.0558 284550132449.692 0
-53904708950.2109 288020262189.714 0
-54554132348.366 291490391929.737 0
-55203555746.5211 294960521669.759 0
-55852979144.6762 298430651409.782 0
-56502402542.8313 301900781149.804 0
-57151825940.9864 305370910889.827 0
-57801249339.1415 308841040629.849 0
-58450672737.2966 312311170369.872 0
-59100096135.4516 315781300109.894 0
-59749519533.6067 319251429849.917 0
-60398942931.7618 322721559589.939 0
-61048366329.9169 326191689329.962 0
-61697789728.072 329661819069.984 0
-62347213126.2271 333131948810.006 0
-62996636524.3822 336602078550.029 0
-63646059922.5373 340072208290.051 0
-64295483320.6924 343542338030.074 0
-64944906718.8475 347012467770.096 0
-65594330117.0025 350482597510.119 0
-66243753515.1576 353952727250.141 0
-66893176913.3127 357422856990.164 0
-67542600311.4678 360892986730.186 0
-68192023709.6229 364363116470.209 0
-68841447107.778 367833246210.231 0
-69490870505.9329 371303375950.254 0
-70140293904.0878 374773505690.276 0
-70789717302.2427 378243635430.298 0
-71439140700.3976 381713765170.321 0
-72088564098.5525 385183894910.343 0
-72737987496.7074 388654024650.366 0
-73387410894.8623 392124154390.388 0
-74036834293.0172 395594284130.411 0
-74686257691.1721 399064413870.433 0
-75335681089.327 402534543610.456 0
-75985104487.4819 406004673350.478 0
-76634527885.6369 409474803090.501 0
-77283951283.7918 412944932830.523 0
-77933374681.9467 416415062570.546 0
-78582798080.1016 419885192310.568 0
-79232221478.2565 423355322050.59 0
-79881644876.4114 426825451790.613 0
-80531068274.5663 430295581530.635 0
-81180491672.7212 433765711270.658 0
-81829915070.8761 437235841010.68 0
-82479338469.031 440705970750.703 0
-83128761867.1859 444176100490.725 0
-83778185265.3408 447646230230.748 0
-84427608663.4957 451116359970.77 0
-85077032061.6507 454586489710.793 0
-85726455459.8056 458056619450.815 0
-86375878857.9605 461526749190.838 0
-87025302256.1154 464996878930.86 0
-87674725654.2703 468467008670.882 0
-88324149052.4252 471937138410.905 0
-88973572450.5801 475407268150.927 0
-89622995848.735 478877397890.95 0
-90272419246.8899 482347527630.972 0
-90921842645.0448 485817657370.995 0
-91571266043.1997 489287787111.017 0
-92220689441.3546 492757916851.04 0
-92870112839.5095 496228046591.062 0
-93519536237.6644 499698176331.085 0
-94168959635.8194 503168306071.107 0
-94818383033.9743 506638435811.13 0
-95467806432.1292 510108565551.152 0
-96117229830.2841 513578695291.174 0
-96766653228.439 517048825031.197 0
-97416076626.5939 520518954771.219 0
-98065500024.7488 523989084511.242 0
-98714923422.9037 527459214251.264 0
-99364346821.0586 530929343991.287 0
-100013770219.214 534399473731.309 0
-100663193617.368 537869603471.332 0
-101312617015.523 541339733211.354 0
-101962040413.678 544809862951.377 0
-102611463811.833 548279992691.399 0
-103260887209.988 551750122431.422 0
-103910310608.143 555220252171.444 0
-104559734006.298 558690381911.466 0
-105209157404.453 562160511651.489 0
-105858580802.608 565630641391.511 0
-106508004200.763 569100771131.534 0
-107157427598.918 572570900871.556 0
-107806850997.072 576041030611.579 0
-108456274395.227 579511160351.601 0
-109105697793.382 582981290091.624 0
-109755121191.537 586451419831.646 0
-110404544589.692 589921549571.669 0
-111053967987.847 593391679311.691 0
-111703391386.002 596861809051.714 0
-112352814784.157 600331938791.736 0
-113002238182.312 603802068531.758 0
-113651661580.467 607272198271.781 0
-114301084978.621 610742328011.803 0
-114950508376.776 614212457751.826 0
-115599931774.931 617682587491.848 0
-116249355173.086 621152717231.871 0
-116898778571.241 624622846971.893 0
-117548201969.396 628092976711.916 0
-118197625367.551 631563106451.938 0
-118847048765.706 635033236191.961 0
-119496472163.861 638503365931.983 0
-120145895562.016 641973495672.005 0
-120795318960.171 645443625412.028 0
-121444742358.325 648913755152.05 0
-122094165756.48 652383884892.073 0
-122743589154.635 655854014632.095 0
-123393012552.79 659324144372.118 0
-124042435950.945 662794274112.14 0
-124691859349.1 666264403852.163 0
-125341282747.255 669734533592.185 0
-125990706145.41 673204663332.208 0
-126640129543.565 676674793072.23 0
-127289552941.72 680144922812.253 0
-127938976339.875 683615052552.275 0
-128588399738.029 687085182292.297 0
-129237823136.184 690555312032.32 0
-129887246534.339 694025441772.342 0
-130536669932.494 697495571512.365 0
-131186093330.649 700965701252.387 0
-131835516728.804 704435830992.41 0
-132484940126.959 707905960732.432 0
-133134363525.114 711376090472.455 0
-133783786923.269 714846220212.477 0
-134433210321.424 718316349952.5 0
-135082633719.579 721786479692.522 0
-135732057117.733 725256609432.545 0
-136381480515.888 728726739172.567 0
-137030903914.043 732196868912.589 0
-137680327312.198 735666998652.612 0
-138329750710.354 739137128392.634 0
-138979174108.509 742607258132.657 0
-139628597506.664 746077387872.679 0
-140278020904.819 749547517612.702 0
-140927444302.975 753017647352.724 0
-141576867701.13 756487777092.747 0
-142226291099.285 759957906832.769 0
-142875714497.44 763428036572.792 0
-143525137895.596 766898166312.814 0
-144174561293.751 770368296052.837 0
-144823984691.906 773838425792.859 0
-145473408090.062 777308555532.881 0
-146122831488.217 780778685272.904 0
-146772254886.372 784248815012.926 0
-147421678284.527 787718944752.949 0
-148071101682.683 791189074492.971 0
-148720525080.838 794659204232.994 0
-149369948478.993 798129333973.016 0
-150019371877.148 801599463713.039 0
-150668795275.304 805069593453.061 0
-151318218673.459 808539723193.084 0
-151967642071.614 812009852933.106 0
-152617065469.77 815479982673.129 0
-153266488867.925 818950112413.151 0
-153915912266.08 822420242153.173 0
-154565335664.235 825890371893.196 0
-155214759062.391 829360501633.218 0
-155864182460.546 832830631373.241 0
-156513605858.701 836300761113.263 0
-157163029256.856 839770890853.286 0
-157812452655.012 843241020593.308 0
-158461876053.167 846711150333.331 0
-159111299451.322 850181280073.353 0
-159760722849.478 853651409813.376 0
-160410146247.633 857121539553.398 0
-161059569645.788 860591669293.421 0
-161708993043.943 864061799033.443 0
-162358416442.099 867531928773.465 0
-163007839840.254 871002058513.488 0
-163657263238.409 874472188253.51 0
-164306686636.564 877942317993.533 0
-164956110034.72 881412447733.555 0
-165605533432.875 884882577473.578 0
-166254956831.03 888352707213.6 0
-166904380229.186 891822836953.623 0
-167553803627.341 895292966693.645 0
-168203227025.496 898763096433.668 0
-168852650423.651 902233226173.69 0
-169502073821.807 905703355913.713 0
-170151497219.962 909173485653.735 0
-170800920618.117 912643615393.757 0
-171450344016.272 916113745133.78 0
-172099767414.428 919583874873.802 0
-172749190812.583 923054004613.825 0
-173398614210.738 926524134353.847 0
-174048037608.894 929994264093.87 0
-174697461007.049 933464393833.892 0
-175346884405.204 936934523573.915 0
-175996307803.359 940404653313.937 0
-176645731201.515 943874783053.96 0
-177295154599.67 947344912793.982 0
-177944577997.825 950815042534.005 0
-178594001395.981 954285172274.027 0
-179243424794.136 957755302014.049 0
-179892848192.291 961225431754.072 0
-180542271590.446 964695561494.094 0
-181191694988.602 968165691234.117 0
-181841118386.757 971635820974.139 0
-182490541784.912 975105950714.162 0
-183139965183.067 978576080454.184 0
-183789388581.223 982046210194.207 0
-184438811979.378 985516339934.229 0
-185088235377.533 988986469674.252 0
-185737658775.689 992456599414.274 0
-186387082173.844 995926729154.297 0
-187036505571.999 999396858894.319 0
-187685928970.154 1002866988634.34 0
-188335352368.31 1006337118374.36 0
-188984775766.465 1009807248114.39 0
-189634199164.62 1013277377854.41 0
-190283622562.775 1016747507594.43 0
-190933045960.931 1020217637334.45 0
-191582469359.086 1023687767074.48 0
-192231892757.241 1027157896814.5 0
-192881316155.397 1030628026554.52 0
-193530739553.552 1034098156294.54 0
-194180162951.707 1037568286034.57 0
-194829586349.862 1041038415774.59 0
-195479009748.018 1044508545514.61 0
-196128433146.173 1047978675254.63 0
-196777856544.328 1051448804994.66 0
-197427279942.483 1054918934734.68 0
-198076703340.639 1058389064474.7 0
-198726126738.794 1061859194214.72 0
-199375550136.949 1065329323954.75 0
-200024973535.105 1068799453694.77 0
-200674396933.26 1072269583434.79 0
-201323820331.415 1075739713174.81 0
-201973243729.57 1079209842914.84 0
-202622667127.726 1082679972654.86 0
-203272090525.881 1086150102394.88 0
-203921513924.036 1089620232134.9 0
-204570937322.191 1093090361874.93 0
-205220360720.347 1096560491614.95 0
-205869784118.502 1100030621354.97 0
-206519207516.657 1103500751094.99 0
-207168630914.813 1106970880835.01 0
-207818054312.968 1110441010575.03 0
-208467477711.123 1113911140315.05 0
-209116901109.278 1117381270055.07 0
-209766324507.434 1120851399795.09 0
-210415747905.589 1124321529535.11 0
-211065171303.744 1127791659275.13 0
-211714594701.899 1131261789015.15 0
-212364018100.055 1134731918755.17 0
-213013441498.21 1138202048495.18 0
-213662864896.365 1141672178235.2 0
-214312288294.521 1145142307975.22 0
-214961711692.676 1148612437715.24 0
-215611135090.831 1152082567455.26 0
-216260558488.986 1155552697195.28 0
-216909981887.142 1159022826935.3 0
-217559405285.297 1162492956675.32 0
-218208828683.452 1165963086415.34 0
-218858252081.607 1169433216155.36 0
-219507675479.763 1172903345895.38 0
-220157098877.918 1176373475635.4 0
-220806522276.073 1179843605375.42 0
-221455945674.229 1183313735115.44 0
-222105369072.384 1186783864855.46 0
-222754792470.539 1190253994595.48 0
-223404215868.694 1193724124335.5 0
-224053639266.85 1197194254075.52 0
-224703062665.005 1200664383815.54 0
-225352486063.16 1204134513555.56 0
-226001909461.315 1207604643295.58 0
-226651332859.471 1211074773035.6 0
-227300756257.626 1214544902775.61 0
-227950179655.781 1218015032515.63 0
-228599603053.937 1221485162255.65 0
-229249026452.092 1224955291995.67 0
-229898449850.247 1228425421735.69 0
-230547873248.402 1231895551475.71 0
-231197296646.558 1235365681215.73 0
-231846720044.713 1238835810955.75 0
-232496143442.868 1242305940695.77 0
-233145566841.023 1245776070435.79 0
-233794990239.179 1249246200175.81 0
-234444413637.334 1252716329915.83 0
-235093837035.489 1256186459655.85 0
-235743260433.645 1259656589395.87 0
-236392683831.8 1263126719135.89 0
