5
-1142137.91133756 93770.0935350657 0
677589621.961389 18376983436.5883 0
1356321381.78375 36753873103.0873 0
2035053141.60612 55130762769.5861 0
2713784901.42848 73507652436.085 0
3392516661.25085 91884542102.584 0
4071248421.07321 110261431769.083 0
4749980180.89558 128638321435.582 0
5428711940.71794 147015211102.081 0
6107443700.54031 165392100768.58 0
6786175460.36267 183768990435.079 0
7464907220.18504 202145880101.578 0
8143638980.0074 220522769768.077 0
8822370739.82977 238899659434.576 0
9501102499.65216 257276549101.075 0
10179834259.4746 275653438767.574 0
10858566019.2969 294030328434.073 0
11537297779.1193 312407218100.572 0
12216029538.9417 330784107767.071 0
12894761298.7641 349160997433.57 0
13573493058.5865 367537887100.069 0
14252224818.4089 385914776766.568 0
14930956578.2313 404291666433.067 0
15609688338.0537 422668556099.566 0
16288420097.876 441045445766.065 0
16967151857.6984 459422335432.564 0
17645883617.5208 477799225099.063 0
18324615377.3432 496176114765.563 0
19003347137.1656 514553004432.062 0
19682078896.988 532929894098.561 0
20360810656.8104 551306783765.06 0
21039542416.6328 569683673431.559 0
21718274176.4551 588060563098.058 0
22397005936.2775 606437452764.557 0
23075737696.0999 624814342431.056 0
23754469455.9223 643191232097.555 0
24433201215.7447 661568121764.054 0
25111932975.5671 679945011430.553 0
25790664735.3895 698321901097.052 0
26469396495.2119 716698790763.551 0
27148128255.0342 735075680430.05 0
27826860014.8566 753452570096.549 0
28505591774.679 771829459763.048 0
29184323534.5014 790206349429.547 0
29863055294.3238 808583239096.046 0
30541787054.1462 826960128762.545 0
31220518813.9686 845337018429.044 0
31899250573.791 863713908095.543 0
32577982333.6133 882090797762.042 0
33256714093.4357 900467687428.541 0
33935445853.2581 918844577095.04 0
34614177613.0805 937221466761.539 0
35292909372.9029 955598356428.038 0
35971641132.7253 973975246094.537 0
36650372892.5477 992352135761.036 0
37329104652.3701 1010729025427.54 0
38007836412.1924 1029105915094.03 0
38686568172.0148 1047482804760.53 0
39365299931.8372 1065859694427.03 0
40044031691.6596 1084236584093.53 0
40722763451.482 1102613473760.03 0
41401495211.3044 1120990363426.53 0
42080226971.1268 1139367253093.02 0
42758958730.9492 1157744142759.52 0
43437690490.7715 1176121032426.01 0
44116422250.5939 1194497922092.51 0
44795154010.4163 1212874811759.01 0
45473885770.2387 1231251701425.5 0
46152617530.0611 1249628591092 0
46831349289.8835 1268005480758.49 0
47510081049.7059 1286382370424.99 0
48188812809.5283 1304759260091.49 0
48867544569.3506 1323136149757.98 0
49546276329.173 1341513039424.48 0
50225008088.9954 1359889929090.98 0
50903739848.8178 1378266818757.47 0
51582471608.6402 1396643708423.97 0
52261203368.4626 1415020598090.46 0
52939935128.285 1433397487756.96 0
53618666888.1074 1451774377423.46 0
54297398647.9297 1470151267089.95 0
54976130407.7521 1488528156756.45 0
55654862167.5745 1506905046422.94 0
56333593927.3969 1525281936089.44 0
57012325687.2193 1543658825755.94 0
57691057447.0417 1562035715422.43 0
58369789206.8641 1580412605088.93 0
59048520966.6865 1598789494755.42 0
59727252726.5089 1617166384421.92 0
60405984486.3312 1635543274088.42 0
61084716246.1536 1653920163754.91 0
61763448005.976 1672297053421.41 0
62442179765.7984 1690673943087.9 0
63120911525.6208 1709050832754.4 0
63799643285.4432 1727427722420.9 0
64478375045.2656 1745804612087.39 0
65157106805.088 1764181501753.89 0
65835838564.9103 1782558391420.39 0
66514570324.7327 1800935281086.88 0
67193302084.5551 1819312170753.38 0
67872033844.3775 1837689060419.87 0
68550765604.1999 1856065950086.37 0
69229497364.0223 1874442839752.87 0
69908229123.8447 1892819729419.36 0
70586960883.6671 1911196619085.86 0
71265692643.4894 1929573508752.35 0
71944424403.3118 1947950398418.85 0
72623156163.1342 1966327288085.35 0
73301887922.9566 1984704177751.84 0
73980619682.779 2003081067418.34 0
74659351442.6014 2021457957084.83 0
75338083202.4238 2039834846751.33 0
76016814962.2462 2058211736417.83 0
76695546722.0685 2076588626084.32 0
77374278481.8909 2094965515750.82 0
78053010241.7133 2113342405417.31 0
78731742001.5357 2131719295083.81 0
79410473761.3581 2150096184750.31 0
80089205521.1805 2168473074416.8 0
80767937281.0029 2186849964083.3 0
81446669040.8253 2205226853749.8 0
82125400800.6476 2223603743416.29 0
82804132560.47 2241980633082.79 0
83482864320.2924 2260357522749.28 0
84161596080.1148 2278734412415.78 0
84840327839.9372 2297111302082.28 0
85519059599.7596 2315488191748.77 0
86197791359.582 2333865081415.27 0
86876523119.4044 2352241971081.76 0
87555254879.2267 2370618860748.26 0
88233986639.0491 2388995750414.76 0
88912718398.8715 2407372640081.25 0
89591450158.6939 2425749529747.75 0
90270181918.5163 2444126419414.24 0
90948913678.3387 2462503309080.74 0
91627645438.1611 2480880198747.24 0
92306377197.9835 2499257088413.73 0
92985108957.8058 2517633978080.23 0
93663840717.6282 2536010867746.73 0
94342572477.4506 2554387757413.22 0
95021304237.273 2572764647079.72 0
95700035997.0954 2591141536746.21 0
96378767756.9178 2609518426412.71 0
97057499516.7402 2627895316079.21 0
97736231276.5626 2646272205745.7 0
98414963036.3849 2664649095412.2 0
99093694796.2073 2683025985078.69 0
99772426556.0297 2701402874745.19 0
100451158315.852 2719779764411.69 0
101129890075.675 2738156654078.18 0
101808621835.497 2756533543744.68 0
102487353595.319 2774910433411.17 0
103166085355.142 2793287323077.67 0
103844817114.964 2811664212744.17 0
104523548874.786 2830041102410.66 0
105202280634.609 2848417992077.16 0
105881012394.431 2866794881743.65 0
106559744154.254 2885171771410.15 0
107238475914.076 2903548661076.65 0
107917207673.898 2921925550743.14 0
108595939433.721 2940302440409.64 0
109274671193.543 2958679330076.14 0
109953402953.366 2977056219742.63 0
110632134713.188 2995433109409.13 0
111310866473.01 3013809999075.62 0
111989598232.833 3032186888742.12 0
112668329992.655 3050563778408.62 0
113347061752.477 3068940668075.11 0
114025793512.3 3087317557741.61 0
114704525272.122 3105694447408.1 0
115383257031.945 3124071337074.6 0
116061988791.767 3142448226741.1 0
116740720551.589 3160825116407.59 0
117419452311.412 3179202006074.09 0
118098184071.234 3197578895740.58 0
118776915831.057 3215955785407.08 0
119455647590.879 3234332675073.58 0
120134379350.701 3252709564740.07 0
120813111110.524 3271086454406.57 0
121491842870.346 3289463344073.06 0
122170574630.169 3307840233739.56 0
122849306389.991 3326217123406.06 0
123528038149.813 3344594013072.55 0
124206769909.636 3362970902739.05 0
124885501669.458 3381347792405.55 0
125564233429.28 3399724682072.04 0
126242965189.103 3418101571738.54 0
126921696948.925 3436478461405.03 0
127600428708.748 3454855351071.53 0
128279160468.57 3473232240738.03 0
128957892228.392 3491609130404.52 0
129636623988.215 3509986020071.02 0
130315355748.037 3528362909737.51 0
130994087507.86 3546739799404.01 0
131672819267.682 3565116689070.51 0
132351551027.504 3583493578737 0
133030282787.327 3601870468403.5 0
133709014547.149 3620247358069.99 0
134387746306.972 3638624247736.49 0
135066478066.794 3657001137402.99 0
135745209826.616 3675378027069.48 0
136423941586.439 3693754916735.98 0
137102673346.261 3712131806402.48 0
137781405106.083 3730508696068.97 0
138460136865.905 3748885585735.47 0
139138868625.727 3767262475401.96 0
139817600385.549 3785639365068.46 0
140496332145.371 3804016254734.96 0
141175063905.193 3822393144401.45 0
141853795665.015 3840770034067.95 0
142532527424.837 3859146923734.44 0
143211259184.659 3877523813400.94 0
143889990944.481 3895900703067.44 0
144568722704.303 3914277592733.93 0
145247454464.125 3932654482400.43 0
145926186223.948 3951031372066.92 0
146604917983.77 3969408261733.42 0
147283649743.592 3987785151399.92 0
147962381503.414 4006162041066.41 0
148641113263.236 4024538930732.91 0
149319845023.058 4042915820399.4 0
149998576782.88 4061292710065.9 0
150677308542.702 4079669599732.4 0
151356040302.524 4098046489398.89 0
152034772062.346 4116423379065.39 0
152713503822.168 4134800268731.89 0
153392235581.99 4153177158398.38 0
154070967341.812 4171554048064.88 0
154749699101.634 4189930937731.37 0
155428430861.456 4208307827397.87 0
156107162621.278 4226684717064.37 0
156785894381.1 4245061606730.86 0
157464626140.922 4263438496397.36 0
158143357900.744 4281815386063.85 0
158822089660.566 4300192275730.35 0
159500821420.388 4318569165396.85 0
160179553180.21 4336946055063.34 0
160858284940.032 4355322944729.84 0
161537016699.854 4373699834396.33 0
162215748459.676 4392076724062.83 0
162894480219.498 4410453613729.34 0
163573211979.32 4428830503395.84 0
164251943739.142 4447207393062.35 0
164930675498.964 4465584282728.86 0
165609407258.786 4483961172395.37 0
166288139018.608 4502338062061.87 0
166966870778.43 4520714951728.38 0
167645602538.252 4539091841394.89 0
168324334298.074 4557468731061.4 0
169003066057.896 4575845620727.91 0
169681797817.718 4594222510394.41 0
170360529577.54 4612599400060.92 0
171039261337.362 4630976289727.43 0
171717993097.184 4649353179393.94 0
172396724857.006 4667730069060.44 0
173075456616.828 4686106958726.95 0
173754188376.65 4704483848393.46 0
174432920136.472 4722860738059.97 0
175111651896.294 4741237627726.48 0
175790383656.116 4759614517392.98 0
176469115415.938 4777991407059.49 0
177147847175.761 4796368296726 0
177826578935.583 4814745186392.51 0
178505310695.405 4833122076059.01 0
179184042455.227 4851498965725.52 0
179862774215.049 4869875855392.03 0
180541505974.871 4888252745058.54 0
181220237734.693 4906629634725.05 0
181898969494.515 4925006524391.55 0
182577701254.337 4943383414058.06 0
183256433014.159 4961760303724.57 0
183935164773.981 4980137193391.08 0
184613896533.803 4998514083057.59 0
185292628293.625 5016890972724.09 0
185971360053.447 5035267862390.6 0
186650091813.269 5053644752057.11 0
187328823573.091 5072021641723.62 0
188007555332.913 5090398531390.12 0
188686287092.735 5108775421056.63 0
189365018852.557 5127152310723.14 0
190043750612.379 5145529200389.65 0
190722482372.201 5163906090056.16 0
191401214132.023 5182282979722.66 0
192079945891.845 5200659869389.17 0
192758677651.667 5219036759055.68 0
193437409411.489 5237413648722.19 0
194116141171.311 5255790538388.69 0
194794872931.133 5274167428055.2 0
195473604690.955 5292544317721.71 0
196152336450.777 5310921207388.22 0
196831068210.599 5329298097054.73 0
197509799970.421 5347674986721.23 0
198188531730.243 5366051876387.74 0
198867263490.065 5384428766054.25 0
199545995249.887 5402805655720.76 0
200224727009.709 5421182545387.26 0
200903458769.531 5439559435053.77 0
201582190529.353 5457936324720.28 0
202260922289.175 5476313214386.79 0
202939654048.997 5494690104053.3 0
203618385808.819 5513066993719.8 0
204297117568.641 5531443883386.31 0
204975849328.463 5549820773052.82 0
205654581088.285 5568197662719.33 0
206333312848.107 5586574552385.84 0
207012044607.929 5604951442052.34 0
207690776367.751 5623328331718.85 0
208369508127.573 5641705221385.36 0
209048239887.396 5660082111051.87 0
209726971647.218 5678459000718.37 0
210405703407.04 5696835890384.88 0
211084435166.862 5715212780051.39 0
211763166926.684 5733589669717.9 0
212441898686.506 5751966559384.41 0
213120630446.328 5770343449050.91 0
213799362206.15 5788720338717.42 0
214478093965.972 5807097228383.93 0
215156825725.794 5825474118050.44 0
215835557485.616 5843851007716.94 0
216514289245.438 5862227897383.45 0
217193021005.26 5880604787049.96 0
217871752765.082 5898981676716.47 0
218550484524.904 5917358566382.98 0
219229216284.726 5935735456049.48 0
219907948044.548 5954112345715.99 0
220586679804.37 5972489235382.5 0
221265411564.192 5990866125049.01 0
221944143324.014 6009243014715.51 0
222622875083.836 6027619904382.02 0
223301606843.658 6045996794048.53 0
223980338603.48 6064373683715.04 0
224659070363.302 6082750573381.55 0
225337802123.124 6101127463048.05 0
226016533882.946 6119504352714.56 0
226695265642.768 6137881242381.07 0
227373997402.59 6156258132047.58 0
228052729162.412 6174635021714.09 0
228731460922.234 6193011911380.59 0
229410192682.056 6211388801047.1 0
230088924441.878 6229765690713.61 0
230767656201.7 6248142580380.12 0
231446387961.522 6266519470046.62 0
232125119721.344 6284896359713.13 0
232803851481.166 6303273249379.64 0
233482583240.988 6321650139046.15 0
234161315000.81 6340027028712.66 0
234840046760.632 6358403918379.16 0
235518778520.454 6376780808045.67 0
236197510280.276 6395157697712.18 0
236876242040.098 6413534587378.69 0
237554973799.92 6431911477045.19 0
238233705559.742 6450288366711.7 0
238912437319.564 6468665256378.21 0
239591169079.386 6487042146044.72 0
240269900839.209 6505419035711.23 0
240948632599.031 6523795925377.73 0
241627364358.853 6542172815044.24 0
242306096118.675 6560549704710.75 0
242984827878.497 6578926594377.26 0
243663559638.319 6597303484043.76 0
244342291398.141 6615680373710.27 0
245021023157.963 6634057263376.78 0
245699754917.785 6652434153043.29 0
246378486677.607 6670811042709.8 0
247057218437.429 6689187932376.3 0
