4
1240006.79548258 1921365.38256291 0
4118599901.3065 -2770288439.97879 0
8235959795.82442 -5542498245.32948 0
12353319690.3423 -8314708050.68017 0
16470679584.8602 -11086917856.0309 0
20588039479.3782 -13859127661.3816 0
24705399373.8961 -16631337466.7323 0
28822759268.414 -19403547272.083 0
32940119162.9319 -22175757077.4337 0
37057479057.4498 -24947966882.7845 0
41174838951.9676 -27720176688.1352 0
45292198846.4854 -30492386493.4859 0
49409558741.0032 -33264596298.8367 0
53526918635.521 -36036806104.1874 0
57644278530.0389 -38809015909.538 0
61761638424.5567 -41581225714.8886 0
65878998319.0745 -44353435520.2393 0
69996358213.5923 -47125645325.5899 0
74113718108.1102 -49897855130.9406 0
78231078002.628 -52670064936.2912 0
82348437897.1458 -55442274741.6419 0
86465797791.6636 -58214484546.9925 0
90583157686.1814 -60986694352.3432 0
94700517580.6993 -63758904157.6938 0
98817877475.2171 -66531113963.0445 0
102935237369.735 -69303323768.3952 0
107052597264.253 -72075533573.746 0
111169957158.771 -74847743379.0968 0
115287317053.288 -77619953184.4476 0
119404676947.806 -80392162989.7985 0
123522036842.324 -83164372795.1493 0
127639396736.842 -85936582600.5001 0
131756756631.36 -88708792405.851 0
135874116525.877 -91481002211.2018 0
139991476420.395 -94253212016.5526 0
144108836314.913 -97025421821.9035 0
148226196209.431 -99797631627.2543 0
152343556103.949 -102569841432.605 0
156460915998.467 -105342051237.956 0
160578275892.984 -108114261043.307 0
164695635787.502 -110886470848.658 0
168812995682.02 -113658680654.008 0
172930355576.538 -116430890459.359 0
177047715471.056 -119203100264.71 0
181165075365.574 -121975310070.061 0
185282435260.091 -124747519875.412 0
189399795154.609 -127519729680.763 0
193517155049.127 -130291939486.113 0
197634514943.645 -133064149291.464 0
201751874838.163 -135836359096.815 0
205869234732.68 -138608568902.166 0
209986594627.198 -141380778707.517 0
214103954521.716 -144152988512.868 0
218221314416.234 -146925198318.218 0
222338674310.752 -149697408123.569 0
226456034205.27 -152469617928.92 0
230573394099.787 -155241827734.271 0
234690753994.305 -158014037539.622 0
238808113888.823 -160786247344.973 0
242925473783.341 -163558457150.323 0
247042833677.859 -166330666955.674 0
251160193572.377 -169102876761.025 0
255277553466.894 -171875086566.376 0
259394913361.412 -174647296371.727 0
263512273255.93 -177419506177.078 0
267629633150.448 -180191715982.428 0
271746993044.966 -182963925787.779 0
275864352939.484 -185736135593.13 0
279981712834.002 -188508345398.481 0
284099072728.521 -191280555203.832 0
288216432623.039 -194052765009.183 0
292333792517.558 -196824974814.533 0
296451152412.076 -199597184619.884 0
300568512306.595 -202369394425.235 0
304685872201.114 -205141604230.586 0
308803232095.632 -207913814035.937 0
312920591990.151 -210686023841.287 0
317037951884.669 -213458233646.638 0
321155311779.188 -216230443451.989 0
325272671673.706 -219002653257.34 0
329390031568.225 -221774863062.691 0
333507391462.743 -224547072868.042 0
337624751357.262 -227319282673.392 0
341742111251.781 -230091492478.743 0
345859471146.299 -232863702284.094 0
349976831040.818 -235635912089.445 0
354094190935.336 -238408121894.796 0
358211550829.855 -241180331700.147 0
362328910724.373 -243952541505.497 0
366446270618.892 -246724751310.848 0
370563630513.41 -249496961116.199 0
374680990407.929 -252269170921.55 0
378798350302.448 -255041380726.901 0
382915710196.966 -257813590532.252 0
387033070091.485 -260585800337.602 0
391150429986.003 -263358010142.953 0
395267789880.522 -266130219948.304 0
399385149775.04 -268902429753.655 0
403502509669.559 -271674639559.006 0
407619869564.077 -274446849364.357 0
411737229458.596 -277219059169.707 0
415854589353.115 -279991268975.057 0
419971949247.633 -282763478780.407 0
424089309142.152 -285535688585.757 0
428206669036.67 -288307898391.107 0
432324028931.189 -291080108196.457 0
436441388825.707 -293852318001.807 0
440558748720.226 -296624527807.157 0
444676108614.744 -299396737612.508 0
448793468509.263 -302168947417.858 0
452910828403.781 -304941157223.208 0
457028188298.3 -307713367028.558 0
461145548192.819 -310485576833.908 0
465262908087.337 -313257786639.258 0
469380267981.856 -316029996444.608 0
473497627876.374 -318802206249.958 0
477614987770.893 -321574416055.308 0
481732347665.411 -324346625860.658 0
485849707559.93 -327118835666.009 0
489967067454.448 -329891045471.359 0
494084427348.967 -332663255276.709 0
498201787243.486 -335435465082.059 0
502319147138.004 -338207674887.409 0
506436507032.523 -340979884692.759 0
510553866927.041 -343752094498.109 0
514671226821.56 -346524304303.459 0
518788586716.078 -349296514108.809 0
522905946610.597 -352068723914.159 0
527023306505.115 -354840933719.51 0
531140666399.634 -357613143524.86 0
535258026294.153 -360385353330.21 0
539375386188.671 -363157563135.56 0
543492746083.19 -365929772940.91 0
547610105977.708 -368701982746.26 0
551727465872.227 -371474192551.61 0
555844825766.745 -374246402356.96 0
559962185661.264 -377018612162.31 0
564079545555.782 -379790821967.66 0
568196905450.301 -382563031773.011 0
572314265344.82 -385335241578.361 0
576431625239.338 -388107451383.711 0
580548985133.857 -390879661189.061 0
584666345028.375 -393651870994.411 0
588783704922.894 -396424080799.761 0
592901064817.412 -399196290605.111 0
597018424711.931 -401968500410.461 0
601135784606.449 -404740710215.811 0
605253144500.968 -407512920021.161 0
609370504395.487 -410285129826.511 0
613487864290.005 -413057339631.862 0
617605224184.524 -415829549437.212 0
621722584079.042 -418601759242.562 0
625839943973.561 -421373969047.912 0
629957303868.079 -424146178853.262 0
634074663762.598 -426918388658.612 0
638192023657.116 -429690598463.962 0
642309383551.635 -432462808269.312 0
646426743446.154 -435235018074.662 0
650544103340.672 -438007227880.012 0
654661463235.191 -440779437685.363 0
658778823129.709 -443551647490.713 0
662896183024.228 -446323857296.063 0
667013542918.746 -449096067101.413 0
671130902813.265 -451868276906.763 0
675248262707.783 -454640486712.113 0
679365622602.302 -457412696517.463 0
683482982496.821 -460184906322.813 0
687600342391.339 -462957116128.163 0
691717702285.858 -465729325933.513 0
695835062180.376 -468501535738.864 0
699952422074.895 -471273745544.214 0
704069781969.413 -474045955349.564 0
708187141863.932 -476818165154.914 0
712304501758.45 -479590374960.264 0
716421861652.969 -482362584765.614 0
720539221547.488 -485134794570.964 0
724656581442.006 -487907004376.314 0
728773941336.525 -490679214181.664 0
732891301231.043 -493451423987.014 0
737008661125.562 -496223633792.365 0
741126021020.08 -498995843597.715 0
745243380914.599 -501768053403.065 0
749360740809.117 -504540263208.415 0
753478100703.636 -507312473013.765 0
757595460598.155 -510084682819.115 0
761712820492.673 -512856892624.465 0
765830180387.192 -515629102429.815 0
769947540281.71 -518401312235.165 0
774064900176.229 -521173522040.515 0
778182260070.747 -523945731845.865 0
782299619965.266 -526717941651.216 0
786416979859.784 -529490151456.566 0
790534339754.303 -532262361261.916 0
794651699648.822 -535034571067.266 0
798769059543.34 -537806780872.616 0
802886419437.859 -540578990677.966 0
807003779332.377 -543351200483.316 0
811121139226.896 -546123410288.666 0
815238499121.414 -548895620094.016 0
819355859015.933 -551667829899.367 0
823473218910.451 -554440039704.719 0
827590578804.97 -557212249510.071 0
831707938699.489 -559984459315.422 0
835825298594.007 -562756669120.774 0
839942658488.526 -565528878926.125 0
844060018383.044 -568301088731.477 0
848177378277.563 -571073298536.828 0
852294738172.081 -573845508342.18 0
856412098066.6 -576617718147.531 0
860529457961.118 -579389927952.883 0
864646817855.637 -582162137758.235 0
868764177750.156 -584934347563.586 0
872881537644.674 -587706557368.938 0
876998897539.193 -590478767174.289 0
881116257433.711 -593250976979.641 0
885233617328.23 -596023186784.992 0
889350977222.748 -598795396590.344 0
893468337117.267 -601567606395.696 0
897585697011.785 -604339816201.047 0
901703056906.304 -607112026006.399 0
905820416800.823 -609884235811.75 0
909937776695.341 -612656445617.102 0
914055136589.86 -615428655422.453 0
918172496484.378 -618200865227.805 0
922289856378.897 -620973075033.156 0
926407216273.415 -623745284838.508 0
930524576167.934 -626517494643.86 0
934641936062.452 -629289704449.211 0
938759295956.971 -632061914254.563 0
942876655851.49 -634834124059.914 0
946994015746.008 -637606333865.266 0
951111375640.527 -640378543670.617 0
955228735535.045 -643150753475.969 0
959346095429.564 -645922963281.321 0
963463455324.082 -648695173086.672 0
967580815218.601 -651467382892.024 0
971698175113.119 -654239592697.375 0
975815535007.638 -657011802502.727 0
979932894902.156 -659784012308.078 0
984050254796.675 -662556222113.43 0
988167614691.194 -665328431918.781 0
992284974585.712 -668100641724.133 0
996402334480.231 -670872851529.485 0
1000519694374.75 -673645061334.836 0
1004637054269.27 -676417271140.188 0
1008754414163.79 -679189480945.539 0
1012871774058.3 -681961690750.891 0
1016989133952.82 -684733900556.242 0
1021106493847.34 -687506110361.594 0
1025223853741.86 -690278320166.946 0
1029341213636.38 -693050529972.297 0
1033458573530.9 -695822739777.649 0
1037575933425.42 -698594949583 0
1041693293319.93 -701367159388.352 0
1045810653214.45 -704139369193.703 0
1049928013108.97 -706911578999.055 0
1054045373003.49 -709683788804.406 0
1058162732898.01 -712455998609.758 0
1062280092792.53 -715228208415.11 0
1066397452687.05 -718000418220.461 0
1070514812581.56 -720772628025.813 0
1074632172476.08 -723544837831.164 0
1078749532370.6 -726317047636.516 0
1082866892265.12 -729089257441.867 0
1086984252159.64 -731861467247.219 0
1091101612054.16 -734633677052.571 0
1095218971948.68 -737405886857.922 0
1099336331843.19 -740178096663.274 0
1103453691737.71 -742950306468.625 0
1107571051632.23 -745722516273.977 0
1111688411526.74 -748494726079.328 0
1115805771421.26 -751266935884.68 0
1119923131315.77 -754039145690.031 0
1124040491210.29 -756811355495.383 0
1128157851104.8 -759583565300.735 0
1132275210999.32 -762355775106.086 0
1136392570893.84 -765127984911.438 0
1140509930788.35 -767900194716.789 0
1144627290682.87 -770672404522.141 0
1148744650577.38 -773444614327.492 0
1152862010471.9 -776216824132.844 0
1156979370366.41 -778989033938.196 0
1161096730260.93 -781761243743.547 0
1165214090155.44 -784533453548.899 0
1169331450049.96 -787305663354.25 0
1173448809944.48 -790077873159.602 0
1177566169838.99 -792850082964.953 0
1181683529733.51 -795622292770.305 0
1185800889628.02 -798394502575.656 0
1189918249522.54 -801166712381.008 0
1194035609417.05 -803938922186.36 0
1198152969311.57 -806711131991.711 0
1202270329206.09 -809483341797.063 0
1206387689100.6 -812255551602.414 0
1210505048995.12 -815027761407.766 0
1214622408889.63 -817799971213.117 0
1218739768784.15 -820572181018.469 0
1222857128678.66 -823344390823.821 0
1226974488573.18 -826116600629.172 0
1231091848467.69 -828888810434.524 0
1235209208362.21 -831661020239.875 0
1239326568256.73 -834433230045.227 0
1243443928151.24 -837205439850.578 0
1247561288045.76 -839977649655.93 0
1251678647940.27 -842749859461.281 0
1255796007834.79 -845522069266.633 0
1259913367729.3 -848294279071.985 0
1264030727623.82 -851066488877.336 0
1268148087518.34 -853838698682.688 0
1272265447412.85 -856610908488.039 0
1276382807307.37 -859383118293.391 0
1280500167201.88 -862155328098.742 0
1284617527096.4 -864927537904.094 0
1288734886990.91 -867699747709.446 0
1292852246885.43 -870471957514.797 0
1296969606779.94 -873244167320.149 0
1301086966674.46 -876016377125.5 0
1305204326568.98 -878788586930.852 0
1309321686463.49 -881560796736.203 0
1313439046358.01 -884333006541.555 0
1317556406252.52 -887105216346.906 0
1321673766147.04 -889877426152.258 0
1325791126041.55 -892649635957.61 0
1329908485936.07 -895421845762.961 0
1334025845830.59 -898194055568.313 0
1338143205725.1 -900966265373.664 0
1342260565619.62 -903738475179.016 0
1346377925514.13 -906510684984.367 0
1350495285408.65 -909282894789.719 0
1354612645303.16 -912055104595.071 0
1358730005197.68 -914827314400.422 0
1362847365092.19 -917599524205.774 0
1366964724986.71 -920371734011.125 0
1371082084881.23 -923143943816.477 0
1375199444775.74 -925916153621.828 0
1379316804670.26 -928688363427.18 0
1383434164564.77 -931460573232.531 0
1387551524459.29 -934232783037.883 0
1391668884353.8 -937004992843.235 0
1395786244248.32 -939777202648.586 0
1399903604142.84 -942549412453.938 0
1404020964037.35 -945321622259.289 0
1408138323931.87 -948093832064.641 0
1412255683826.38 -950866041869.992 0
1416373043720.9 -953638251675.344 0
1420490403615.41 -956410461480.696 0
1424607763509.93 -959182671286.047 0
1428725123404.44 -961954881091.399 0
1432842483298.96 -964727090896.75 0
1436959843193.48 -967499300702.102 0
1441077203087.99 -970271510507.453 0
1445194562982.51 -973043720312.805 0
1449311922877.02 -975815930118.156 0
1453429282771.54 -978588139923.508 0
1457546642666.05 -981360349728.86 0
1461664002560.57 -984132559534.211 0
1465781362455.09 -986904769339.563 0
1469898722349.6 -989676979144.914 0
1474016082244.12 -992449188950.266 0
1478133442138.63 -995221398755.617 0
1482250802033.15 -997993608560.969 0
1486368161927.66 -1000765818366.32 0
1490485521822.18 -1003538028171.67 0
1494602881716.69 -1006310237977.02 0
1498720241611.21 -1009082447782.38 0
