1
1387398.52606993 -3368620.38495786 0
-1329041866.5571 -795101514.524748 0
-2659471131.63851 -1586834408.66924 0
-3989900396.71991 -2378567302.81374 0
-5320329661.80132 -3170300196.95824 0
-6650758926.88272 -3962033091.10275 0
-7981188191.96413 -4753765985.24726 0
-9311617457.04553 -5545498879.39176 0
-10642046722.1269 -6337231773.53627 0
-11972475987.2083 -7128964667.68078 0
-13302905252.2898 -7920697561.82529 0
-14633334517.3712 -8712430455.96979 0
-15963763782.4526 -9504163350.11428 0
-17294193047.534 -10295896244.2588 0
-18624622312.6154 -11087629138.4033 0
-19955051577.6969 -11879362032.5477 0
-21285480842.7783 -12671094926.6922 0
-22615910107.8598 -13462827820.8367 0
-23946339372.9412 -14254560714.9812 0
-25276768638.0227 -15046293609.1257 0
-26607197903.1041 -15838026503.2702 0
-27937627168.1856 -16629759397.4146 0
-29268056433.267 -17421492291.5591 0
-30598485698.3485 -18213225185.7037 0
-31928914963.4299 -19004958079.8482 0
-33259344228.5114 -19796690973.9927 0
-34589773493.5928 -20588423868.1373 0
-35920202758.6742 -21380156762.2818 0
-37250632023.7555 -22171889656.4263 0
-38581061288.8369 -22963622550.5709 0
-39911490553.9183 -23755355444.7154 0
-41241919818.9996 -24547088338.8599 0
-42572349084.081 -25338821233.0045 0
-43902778349.1623 -26130554127.149 0
-45233207614.2437 -26922287021.2935 0
-46563636879.3251 -27714019915.4381 0
-47894066144.4064 -28505752809.5826 0
-49224495409.4878 -29297485703.7271 0
-50554924674.5691 -30089218597.8716 0
-51885353939.6505 -30880951492.0162 0
-53215783204.7319 -31672684386.1607 0
-54546212469.8132 -32464417280.3052 0
-55876641734.8946 -33256150174.4498 0
-57207070999.9759 -34047883068.5943 0
-58537500265.0573 -34839615962.7388 0
-59867929530.1387 -35631348856.8834 0
-61198358795.22 -36423081751.0279 0
-62528788060.3014 -37214814645.1724 0
-63859217325.3827 -38006547539.317 0
-65189646590.4641 -38798280433.4615 0
-66520075855.5455 -39590013327.606 0
-67850505120.6268 -40381746221.7505 0
-69180934385.7083 -41173479115.8951 0
-70511363650.7898 -41965212010.0396 0
-71841792915.8713 -42756944904.1841 0
-73172222180.9529 -43548677798.3287 0
-74502651446.0344 -44340410692.4732 0
-75833080711.116 -45132143586.6177 0
-77163509976.1975 -45923876480.7623 0
-78493939241.2791 -46715609374.9068 0
-79824368506.3606 -47507342269.0513 0
-81154797771.4421 -48299075163.1959 0
-82485227036.5237 -49090808057.3404 0
-83815656301.6052 -49882540951.4849 0
-85146085566.6868 -50674273845.6295 0
-86476514831.7683 -51466006739.774 0
-87806944096.8499 -52257739633.9185 0
-89137373361.9314 -53049472528.063 0
-90467802627.0129 -53841205422.2076 0
-91798231892.0945 -54632938316.3521 0
-93128661157.176 -55424671210.4966 0
-94459090422.2576 -56216404104.6412 0
-95789519687.3391 -57008136998.7857 0
-97119948952.4207 -57799869892.9302 0
-98450378217.5022 -58591602787.0748 0
-99780807482.5837 -59383335681.2193 0
-101111236747.665 -60175068575.3638 0
-102441666012.747 -60966801469.5084 0
-103772095277.828 -61758534363.6529 0
-105102524542.91 -62550267257.7974 0
-106432953807.991 -63342000151.942 0
-107763383073.073 -64133733046.0865 0
-109093812338.155 -64925465940.231 0
-110424241603.236 -65717198834.3755 0
-111754670868.318 -66508931728.5201 0
-113085100133.399 -67300664622.6646 0
-114415529398.481 -68092397516.8091 0
-115745958663.562 -68884130410.9537 0
-117076387928.644 -69675863305.0982 0
-118406817193.725 -70467596199.2427 0
-119737246458.807 -71259329093.3873 0
-121067675723.888 -72051061987.5318 0
-122398104988.97 -72842794881.6763 0
-123728534254.052 -73634527775.8209 0
-125058963519.133 -74426260669.9654 0
-126389392784.215 -75217993564.1099 0
-127719822049.296 -76009726458.2545 0
-129050251314.378 -76801459352.399 0
-130380680579.459 -77593192246.5435 0
-131711109844.541 -78384925140.688 0
-133041539109.622 -79176658034.8326 0
-134371968374.704 -79968390928.9771 0
-135702397639.785 -80760123823.1216 0
-137032826904.867 -81551856717.2662 0
-138363256169.948 -82343589611.4107 0
-139693685435.03 -83135322505.5552 0
-141024114700.112 -83927055399.6998 0
-142354543965.193 -84718788293.8443 0
-143684973230.275 -85510521187.9888 0
-145015402495.356 -86302254082.1334 0
-146345831760.438 -87093986976.2779 0
-147676261025.519 -87885719870.4224 0
-149006690290.601 -88677452764.567 0
-150337119555.682 -89469185658.7115 0
-151667548820.764 -90260918552.856 0
-152997978085.845 -91052651447.0005 0
-154328407350.927 -91844384341.1451 0
-155658836616.009 -92636117235.2896 0
-156989265881.09 -93427850129.4341 0
-158319695146.172 -94219583023.5787 0
-159650124411.253 -95011315917.7232 0
-160980553676.335 -95803048811.8677 0
-162310982941.416 -96594781706.0123 0
-163641412206.498 -97386514600.1568 0
-164971841471.579 -98178247494.3013 0
-166302270736.661 -98969980388.4459 0
-167632700001.742 -99761713282.5904 0
-168963129266.824 -100553446176.735 0
-170293558531.906 -101345179070.879 0
-171623987796.987 -102136911965.024 0
-172954417062.069 -102928644859.169 0
-174284846327.15 -103720377753.313 0
-175615275592.232 -104512110647.458 0
-176945704857.313 -105303843541.602 0
-178276134122.395 -106095576435.747 0
-179606563387.476 -106887309329.891 0
-180936992652.558 -107679042224.036 0
-182267421917.639 -108470775118.18 0
-183597851182.721 -109262508012.325 0
-184928280447.802 -110054240906.469 0
-186258709712.884 -110845973800.614 0
-187589138977.966 -111637706694.758 0
-188919568243.047 -112429439588.903 0
-190249997508.129 -113221172483.047 0
-191580426773.21 -114012905377.192 0
-192910856038.292 -114804638271.336 0
-194241285303.373 -115596371165.481 0
-195571714568.455 -116388104059.626 0
-196902143833.536 -117179836953.77 0
-198232573098.618 -117971569847.915 0
-199563002363.699 -118763302742.059 0
-200893431628.781 -119555035636.204 0
-202223860893.863 -120346768530.348 0
-203554290158.944 -121138501424.493 0
-204884719424.026 -121930234318.637 0
-206215148689.107 -122721967212.782 0
-207545577954.189 -123513700106.926 0
-208876007219.27 -124305433001.071 0
-210206436484.352 -125097165895.215 0
-211536865749.433 -125888898789.36 0
-212867295014.515 -126680631683.504 0
-214197724279.596 -127472364577.649 0
-215528153544.678 -128264097471.794 0
-216858582809.76 -129055830365.938 0
-218189012074.841 -129847563260.083 0
-219519441339.923 -130639296154.227 0
-220849870605.004 -131431029048.372 0
-222180299870.086 -132222761942.516 0
-223510729135.167 -133014494836.661 0
-224841158400.249 -133806227730.805 0
-226171587665.33 -134597960624.95 0
-227502016930.412 -135389693519.094 0
-228832446195.493 -136181426413.239 0
-230162875460.575 -136973159307.383 0
-231493304725.656 -137764892201.528 0
-232823733990.738 -138556625095.672 0
-234154163255.82 -139348357989.817 0
-235484592520.901 -140140090883.961 0
-236815021785.983 -140931823778.106 0
-238145451051.064 -141723556672.251 0
-239475880316.146 -142515289566.395 0
-240806309581.227 -143307022460.54 0
-242136738846.309 -144098755354.684 0
-243467168111.39 -144890488248.829 0
-244797597376.472 -145682221142.973 0
-246128026641.553 -146473954037.118 0
-247458455906.635 -147265686931.262 0
-248788885171.717 -148057419825.407 0
-250119314436.798 -148849152719.551 0
-251449743701.88 -149640885613.696 0
-252780172966.961 -150432618507.84 0
-254110602232.043 -151224351401.985 0
-255441031497.124 -152016084296.129 0
-256771460762.206 -152807817190.274 0
-258101890027.287 -153599550084.419 0
-259432319292.369 -154391282978.563 0
-260762748557.45 -155183015872.708 0
-262093177822.532 -155974748766.852 0
-263423607087.614 -156766481660.997 0
-264754036352.695 -157558214555.141 0
-266084465617.777 -158349947449.286 0
-267414894882.858 -159141680343.43 0
-268745324147.94 -159933413237.575 0
-270075753413.021 -160725146131.719 0
-271406182678.103 -161516879025.864 0
-272736611943.184 -162308611920.008 0
-274067041208.266 -163100344814.153 0
-275397470473.347 -163892077708.297 0
-276727899738.429 -164683810602.442 0
-278058329003.511 -165475543496.586 0
-279388758268.592 -166267276390.731 0
-280719187533.674 -167059009284.876 0
-282049616798.755 -167850742179.02 0
-283380046063.837 -168642475073.165 0
-284710475328.918 -169434207967.309 0
-286040904594 -170225940861.454 0
-287371333859.081 -171017673755.598 0
-288701763124.163 -171809406649.743 0
-290032192389.244 -172601139543.887 0
-291362621654.326 -173392872438.032 0
-292693050919.407 -174184605332.176 0
-294023480184.489 -174976338226.321 0
-295353909449.571 -175768071120.465 0
-296684338714.652 -176559804014.61 0
-298014767979.734 -177351536908.754 0
-299345197244.815 -178143269802.899 0
-300675626509.897 -178935002697.044 0
-302006055774.978 -179726735591.188 0
-303336485040.06 -180518468485.333 0
-304666914305.141 -181310201379.477 0
-305997343570.223 -182101934273.622 0
-307327772835.304 -182893667167.766 0
-308658202100.386 -183685400061.911 0
-309988631365.468 -184477132956.055 0
-311319060630.549 -185268865850.2 0
-312649489895.631 -186060598744.344 0
-313979919160.712 -186852331638.489 0
-315310348425.794 -187644064532.633 0
-316640777690.875 -188435797426.778 0
-317971206955.957 -189227530320.922 0
-319301636221.038 -190019263215.067 0
-320632065486.12 -190810996109.211 0
-321962494751.201 -191602729003.356 0
-323292924016.283 -192394461897.501 0
-324623353281.365 -193186194791.645 0
-325953782546.446 -193977927685.79 0
-327284211811.528 -194769660579.934 0
-328614641076.609 -195561393474.079 0
-329945070341.691 -196353126368.223 0
-331275499606.772 -197144859262.368 0
-332605928871.854 -197936592156.512 0
-333936358136.935 -198728325050.657 0
-335266787402.017 -199520057944.801 0
-336597216667.098 -200311790838.946 0
-337927645932.18 -201103523733.09 0
-339258075197.261 -201895256627.235 0
-340588504462.343 -202686989521.379 0
-341918933727.425 -203478722415.524 0
-343249362992.506 -204270455309.669 0
-344579792257.588 -205062188203.813 0
-345910221522.669 -205853921097.958 0
-347240650787.751 -206645653992.102 0
-348571080052.832 -207437386886.247 0
-349901509317.914 -208229119780.391 0
-351231938582.995 -209020852674.536 0
-352562367848.077 -209812585568.68 0
-353892797113.158 -210604318462.825 0
-355223226378.24 -211396051356.969 0
-356553655643.322 -212187784251.114 0
-357884084908.403 -212979517145.258 0
-359214514173.485 -213771250039.403 0
-360544943438.566 -214562982933.547 0
-361875372703.648 -215354715827.692 0
-363205801968.729 -216146448721.836 0
-364536231233.811 -216938181615.981 0
-365866660498.892 -217729914510.126 0
-367197089763.974 -218521647404.27 0
-368527519029.055 -219313380298.415 0
-369857948294.137 -220105113192.559 0
-371188377559.219 -220896846086.704 0
-372518806824.3 -221688578980.848 0
-373849236089.382 -222480311874.993 0
-375179665354.463 -223272044769.137 0
-376510094619.545 -224063777663.282 0
-377840523884.626 -224855510557.426 0
-379170953149.708 -225647243451.571 0
-380501382414.789 -226438976345.715 0
-381831811679.871 -227230709239.86 0
-383162240944.952 -228022442134.004 0
-384492670210.034 -228814175028.149 0
-385823099475.115 -229605907922.294 0
-387153528740.197 -230397640816.438 0
-388483958005.279 -231189373710.583 0
-389814387270.36 -231981106604.727 0
-391144816535.442 -232772839498.872 0
-392475245800.523 -233564572393.016 0
-393805675065.605 -234356305287.161 0
-395136104330.686 -235148038181.305 0
-396466533595.768 -235939771075.45 0
-397796962860.849 -236731503969.594 0
-399127392125.931 -237523236863.739 0
-400457821391.012 -238314969757.883 0
-401788250656.094 -239106702652.028 0
-403118679921.176 -239898435546.172 0
-404449109186.257 -240690168440.317 0
-405779538451.339 -241481901334.461 0
-407109967716.42 -242273634228.606 0
-408440396981.502 -243065367122.751 0
-409770826246.583 -243857100016.895 0
-411101255511.665 -244648832911.04 0
-412431684776.746 -245440565805.184 0
-413762114041.828 -246232298699.329 0
-415092543306.909 -247024031593.473 0
-416422972571.991 -247815764487.618 0
-417753401837.073 -248607497381.762 0
-419083831102.154 -249399230275.907 0
-420414260367.236 -250190963170.051 0
-421744689632.317 -250982696064.196 0
-423075118897.399 -251774428958.34 0
-424405548162.48 -252566161852.485 0
-425735977427.562 -253357894746.629 0
-427066406692.643 -254149627640.774 0
-428396835957.725 -254941360534.919 0
-429727265222.806 -255733093429.063 0
-431057694487.888 -256524826323.208 0
-432388123752.969 -257316559217.352 0
-433718553018.051 -258108292111.497 0
-435048982283.133 -258900025005.641 0
-436379411548.214 -259691757899.786 0
-437709840813.296 -260483490793.93 0
-439040270078.377 -261275223688.075 0
-440370699343.459 -262066956582.219 0
-441701128608.54 -262858689476.364 0
-443031557873.622 -263650422370.508 0
-444361987138.703 -264442155264.653 0
-445692416403.785 -265233888158.797 0
-447022845668.866 -266025621052.942 0
-448353274933.948 -266817353947.086 0
-449683704199.03 -267609086841.231 0
-451014133464.111 -268400819735.376 0
-452344562729.193 -269192552629.52 0
-453674991994.274 -269984285523.665 0
-455005421259.356 -270776018417.809 0
-456335850524.437 -271567751311.954 0
-457666279789.519 -272359484206.098 0
-458996709054.6 -273151217100.243 0
-460327138319.682 -273942949994.387 0
-461657567584.763 -274734682888.532 0
-462987996849.845 -275526415782.676 0
-464318426114.927 -276318148676.821 0
-465648855380.008 -277109881570.965 0
-466979284645.09 -277901614465.11 0
-468309713910.171 -278693347359.254 0
-469640143175.253 -279485080253.399 0
-470970572440.334 -280276813147.544 0
-472301001705.416 -281068546041.688 0
-473631430970.497 -281860278935.833 0
-474961860235.579 -282652011829.977 0
-476292289500.66 -283443744724.122 0
-477622718765.742 -284235477618.266 0
-478953148030.823 -285027210512.411 0
-480283577295.905 -285818943406.555 0
-481614006560.987 -286610676300.7 0
-482944435826.068 -287402409194.844 0
-484274865091.15 -288194142088.989 0
