8
360255.38169384 -296999.967875004 0
-69197710879.4286 -83983086023.1388 0
-138395782014.004 -167965875046.503 0
-207593853148.579 -251948664069.868 0
-276791924283.155 -335931453093.232 0
-345989995417.73 -419914242116.596 0
-415188066552.304 -503897031139.96 0
-484386137686.879 -587879820163.325 0
-553584208821.454 -671862609186.689 0
-622782279956.03 -755845398210.053 0
-691980351090.606 -839828187233.417 0
-761178422225.182 -923810976256.782 0
-830376493359.759 -1007793765280.15 0
-899574564494.335 -1091776554303.51 0
-968772635628.911 -1175759343326.88 0
-1037970706763.49 -1259742132350.24 0
-1107168777898.06 -1343724921373.61 0
-1176366849032.64 -1427707710396.98 0
-1245564920167.22 -1511690499420.35 0
-1314762991301.79 -1595673288443.71 0
-1383961062436.37 -1679656077467.08 0
-1453159133570.94 -1763638866490.45 0
-1522357204705.52 -1847621655513.81 0
-1591555275840.1 -1931604444537.18 0
-1660753346974.67 -2015587233560.55 0
-1729951418109.25 -2099570022583.92 0
-1799149489243.83 -2183552811607.28 0
-1868347560378.4 -2267535600630.65 0
-1937545631512.98 -2351518389654.02 0
-2006743702647.55 -2435501178677.38 0
-2075941773782.13 -2519483967700.75 0
-2145139844916.71 -2603466756724.12 0
-2214337916051.28 -2687449545747.49 0
-2283535987185.85 -2771432334770.85 0
-2352734058320.42 -2855415123794.22 0
-2421932129454.99 -2939397912817.59 0
-2491130200589.56 -3023380701840.96 0
-2560328271724.13 -3107363490864.32 0
-2629526342858.7 -3191346279887.69 0
-2698724413993.27 -3275329068911.06 0
-2767922485127.84 -3359311857934.42 0
-2837120556262.41 -3443294646957.79 0
-2906318627396.98 -3527277435981.16 0
-2975516698531.55 -3611260225004.53 0
-3044714769666.12 -3695243014027.89 0
-3113912840800.69 -3779225803051.26 0
-3183110911935.27 -3863208592074.63 0
-3252308983069.84 -3947191381097.99 0
-3321507054204.41 -4031174170121.36 0
-3390705125338.98 -4115156959144.73 0
-3459903196473.55 -4199139748168.1 0
-3529101267608.12 -4283122537191.46 0
-3598299338742.69 -4367105326214.83 0
-3667497409877.26 -4451088115238.2 0
-3736695481011.83 -4535070904261.56 0
-3805893552146.4 -4619053693284.93 0
-3875091623280.97 -4703036482308.3 0
-3944289694415.54 -4787019271331.67 0
-4013487765550.11 -4871002060355.03 0
-4082685836684.68 -4954984849378.4 0
-4151883907819.25 -5038967638401.77 0
-4221081978953.82 -5122950427425.13 0
-4290280050088.39 -5206933216448.5 0
-4359478121222.96 -5290916005471.87 0
-4428676192357.53 -5374898794495.24 0
-4497874263492.1 -5458881583518.6 0
-4567072334626.67 -5542864372541.97 0
-4636270405761.24 -5626847161565.34 0
-4705468476895.81 -5710829950588.71 0
-4774666548030.38 -5794812739612.07 0
-4843864619164.95 -5878795528635.44 0
-4913062690299.52 -5962778317658.81 0
-4982260761434.09 -6046761106682.17 0
-5051458832568.66 -6130743895705.54 0
-5120656903703.23 -6214726684728.91 0
-5189854974837.8 -6298709473752.28 0
-5259053045972.38 -6382692262775.64 0
-5328251117106.95 -6466675051799.01 0
-5397449188241.52 -6550657840822.38 0
-5466647259376.09 -6634640629845.74 0
-5535845330510.66 -6718623418869.11 0
-5605043401645.23 -6802606207892.48 0
-5674241472779.8 -6886588996915.85 0
-5743439543914.37 -6970571785939.21 0
-5812637615048.94 -7054554574962.58 0
-5881835686183.51 -7138537363985.95 0
-5951033757318.08 -7222520153009.31 0
-6020231828452.65 -7306502942032.68 0
-6089429899587.22 -7390485731056.05 0
-6158627970721.79 -7474468520079.42 0
-6227826041856.36 -7558451309102.78 0
-6297024112990.93 -7642434098126.15 0
-6366222184125.5 -7726416887149.52 0
-6435420255260.07 -7810399676172.88 0
-6504618326394.64 -7894382465196.25 0
-6573816397529.21 -7978365254219.62 0
-6643014468663.78 -8062348043242.99 0
-6712212539798.35 -8146330832266.35 0
-6781410610932.92 -8230313621289.72 0
-6850608682067.49 -8314296410313.09 0
-6919806753202.06 -8398279199336.46 0
-6989004824336.63 -8482261988359.82 0
-7058202895471.2 -8566244777383.19 0
-7127400966605.77 -8650227566406.56 0
-7196599037740.34 -8734210355429.92 0
-7265797108874.91 -8818193144453.29 0
-7334995180009.48 -8902175933476.63 0
-7404193251144.05 -8986158722499.97 0
-7473391322278.63 -9070141511523.32 0
-7542589393413.2 -9154124300546.66 0
-7611787464547.77 -9238107089570 0
-7680985535682.34 -9322089878593.35 0
-7750183606816.91 -9406072667616.69 0
-7819381677951.48 -9490055456640.04 0
-7888579749086.05 -9574038245663.38 0
-7957777820220.62 -9658021034686.72 0
-8026975891355.19 -9742003823710.07 0
-8096173962489.76 -9825986612733.41 0
-8165372033624.33 -9909969401756.75 0
-8234570104758.9 -9993952190780.1 0
-8303768175893.47 -10077934979803.4 0
-8372966247028.04 -10161917768826.8 0
-8442164318162.61 -10245900557850.1 0
-8511362389297.18 -10329883346873.5 0
-8580560460431.75 -10413866135896.8 0
-8649758531566.32 -10497848924920.2 0
-8718956602700.89 -10581831713943.5 0
-8788154673835.46 -10665814502966.8 0
-8857352744970.05 -10749797291990.2 0
-8926550816104.65 -10833780081013.5 0
-8995748887239.24 -10917762870036.9 0
-9064946958373.83 -11001745659060.2 0
-9134145029508.43 -11085728448083.6 0
-9203343100643.02 -11169711237106.9 0
-9272541171777.62 -11253694026130.3 0
-9341739242912.21 -11337676815153.6 0
-9410937314046.8 -11421659604176.9 0
-9480135385181.4 -11505642393200.3 0
-9549333456315.99 -11589625182223.6 0
-9618531527450.58 -11673607971247 0
-9687729598585.18 -11757590760270.3 0
-9756927669719.77 -11841573549293.7 0
-9826125740854.37 -11925556338317 0
-9895323811988.96 -12009539127340.3 0
-9964521883123.55 -12093521916363.7 0
-10033719954258.1 -12177504705387 0
-10102918025392.7 -12261487494410.4 0
-10172116096527.3 -12345470283433.7 0
-10241314167661.9 -12429453072457.1 0
-10310512238796.5 -12513435861480.4 0
-10379710309931.1 -12597418650503.8 0
-10448908381065.7 -12681401439527.1 0
-10518106452200.3 -12765384228550.4 0
-10587304523334.9 -12849367017573.8 0
-10656502594469.5 -12933349806597.1 0
-10725700665604.1 -13017332595620.5 0
-10794898736738.7 -13101315384643.8 0
-10864096807873.3 -13185298173667.2 0
-10933294879007.9 -13269280962690.5 0
-11002492950142.5 -13353263751713.8 0
-11071691021277.1 -13437246540737.2 0
-11140889092411.6 -13521229329760.5 0
-11210087163546.2 -13605212118783.9 0
-11279285234680.8 -13689194907807.2 0
-11348483305815.4 -13773177696830.6 0
-11417681376950 -13857160485853.9 0
-11486879448084.6 -13941143274877.3 0
-11556077519219.2 -14025126063900.6 0
-11625275590353.8 -14109108852923.9 0
-11694473661488.4 -14193091641947.3 0
-11763671732623 -14277074430970.6 0
-11832869803757.6 -14361057219994 0
-11902067874892.2 -14445040009017.3 0
-11971265946026.8 -14529022798040.7 0
-12040464017161.4 -14613005587064 0
-12109662088296 -14696988376087.3 0
-12178860159430.6 -14780971165110.7 0
-12248058230565.1 -14864953954134 0
-12317256301699.7 -14948936743157.4 0
-12386454372834.3 -15032919532180.7 0
-12455652443968.9 -15116902321204.1 0
-12524850515103.5 -15200885110227.4 0
-12594048586238.1 -15284867899250.8 0
-12663246657372.7 -15368850688274.1 0
-12732444728507.3 -15452833477297.4 0
-12801642799641.9 -15536816266320.8 0
-12870840870776.5 -15620799055344.1 0
-12940038941911.1 -15704781844367.5 0
-13009237013045.7 -15788764633390.8 0
-13078435084180.3 -15872747422414.2 0
-13147633155314.9 -15956730211437.5 0
-13216831226449.5 -16040713000460.8 0
-13286029297584.1 -16124695789484.2 0
-13355227368718.6 -16208678578507.5 0
-13424425439853.2 -16292661367530.9 0
-13493623510987.8 -16376644156554.2 0
-13562821582122.4 -16460626945577.6 0
-13632019653257 -16544609734600.9 0
-13701217724391.6 -16628592523624.3 0
-13770415795526.2 -16712575312647.6 0
-13839613866660.8 -16796558101670.9 0
-13908811937795.4 -16880540890694.3 0
-13978010008930 -16964523679717.6 0
-14047208080064.6 -17048506468741 0
-14116406151199.2 -17132489257764.3 0
-14185604222333.8 -17216472046787.7 0
-14254802293468.4 -17300454835811 0
-14324000364603 -17384437624834.3 0
-14393198435737.6 -17468420413857.7 0
-14462396506872.1 -17552403202881 0
-14531594578006.7 -17636385991904.4 0
-14600792649141.3 -17720368780927.7 0
-14669990720275.9 -17804351569951.1 0
-14739188791410.5 -17888334358974.4 0
-14808386862545.1 -17972317147997.8 0
-14877584933679.7 -18056299937021.1 0
-14946783004814.3 -18140282726044.4 0
-15015981075948.9 -18224265515067.8 0
-15085179147083.5 -18308248304091.1 0
-15154377218218.1 -18392231093114.5 0
-15223575289352.7 -18476213882137.8 0
-15292773360487.3 -18560196671161.2 0
-15361971431621.9 -18644179460184.5 0
-15431169502756.5 -18728162249207.8 0
-15500367573891.1 -18812145038231.2 0
-15569565645025.6 -18896127827254.5 0
-15638763716160.2 -18980110616277.9 0
-15707961787294.8 -19064093405301.2 0
-15777159858429.4 -19148076194324.6 0
-15846357929564 -19232058983347.9 0
-15915556000698.6 -19316041772371.3 0
-15984754071833.2 -19400024561394.6 0
-16053952142967.8 -19484007350417.9 0
-16123150214102.4 -19567990139441.3 0
-16192348285237 -19651972928464.6 0
-16261546356371.6 -19735955717488 0
-16330744427506.2 -19819938506511.3 0
-16399942498640.8 -19903921295534.7 0
-16469140569775.4 -19987904084558 0
-16538338640910 -20071886873581.3 0
-16607536712044.6 -20155869662604.7 0
-16676734783179.1 -20239852451628 0
-16745932854313.7 -20323835240651.4 0
-16815130925448.3 -20407818029674.7 0
-16884328996582.9 -20491800818698.1 0
-16953527067717.5 -20575783607721.4 0
-17022725138852.1 -20659766396744.8 0
-17091923209986.7 -20743749185768.1 0
-17161121281121.3 -20827731974791.4 0
-17230319352255.9 -20911714763814.8 0
-17299517423390.5 -20995697552838.1 0
-17368715494525.1 -21079680341861.5 0
-17437913565659.7 -21163663130884.8 0
-17507111636794.3 -21247645919908.2 0
-17576309707928.9 -21331628708931.5 0
-17645507779063.5 -21415611497954.8 0
-17714705850198.1 -21499594286978.2 0
-17783903921332.6 -21583577076001.5 0
-17853101992467.2 -21667559865024.9 0
-17922300063601.8 -21751542654048.2 0
-17991498134736.4 -21835525443071.6 0
-18060696205871 -21919508232094.9 0
-18129894277005.6 -22003491021118.3 0
-18199092348140.2 -22087473810141.6 0
-18268290419274.8 -22171456599164.9 0
-18337488490409.4 -22255439388188.3 0
-18406686561544 -22339422177211.6 0
-18475884632678.6 -22423404966235 0
-18545082703813.2 -22507387755258.3 0
-18614280774947.8 -22591370544281.7 0
-18683478846082.4 -22675353333305 0
-18752676917217 -22759336122328.3 0
-18821874988351.6 -22843318911351.7 0
-18891073059486.1 -22927301700375 0
-18960271130620.7 -23011284489398.4 0
-19029469201755.3 -23095267278421.7 0
-19098667272889.9 -23179250067445.1 0
-19167865344024.5 -23263232856468.4 0
-19237063415159.1 -23347215645491.8 0
-19306261486293.7 -23431198434515.1 0
-19375459557428.3 -23515181223538.4 0
-19444657628562.9 -23599164012561.8 0
-19513855699697.5 -23683146801585.1 0
-19583053770832.1 -23767129590608.5 0
-19652251841966.7 -23851112379631.8 0
-19721449913101.3 -23935095168655.2 0
-19790647984235.9 -24019077957678.5 0
-19859846055370.5 -24103060746701.8 0
-19929044126505.1 -24187043535725.2 0
-19998242197639.6 -24271026324748.5 0
-20067440268774.2 -24355009113771.9 0
-20136638339908.8 -24438991902795.2 0
-20205836411043.4 -24522974691818.6 0
-20275034482178 -24606957480841.9 0
-20344232553312.6 -24690940269865.3 0
-20413430624447.2 -24774923058888.6 0
-20482628695581.8 -24858905847911.9 0
-20551826766716.4 -24942888636935.3 0
-20621024837851 -25026871425958.6 0
-20690222908985.6 -25110854214982 0
-20759420980120.2 -25194837004005.3 0
-20828619051254.8 -25278819793028.7 0
-20897817122389.4 -25362802582052 0
-20967015193524 -25446785371075.3 0
-21036213264658.6 -25530768160098.7 0
-21105411335793.1 -25614750949122 0
-21174609406927.7 -25698733738145.4 0
-21243807478062.3 -25782716527168.7 0
-21313005549196.9 -25866699316192.1 0
-21382203620331.5 -25950682105215.4 0
-21451401691466.1 -26034664894238.8 0
-21520599762600.7 -26118647683262.1 0
-21589797833735.3 -26202630472285.4 0
-21658995904869.9 -26286613261308.8 0
-21728193976004.5 -26370596050332.1 0
-21797392047139.1 -26454578839355.5 0
-21866590118273.7 -26538561628378.8 0
-21935788189408.3 -26622544417402.2 0
-22004986260542.9 -26706527206425.5 0
-22074184331677.5 -26790509995448.8 0
-22143382402812.1 -26874492784472.2 0
-22212580473946.6 -26958475573495.5 0
-22281778545081.2 -27042458362518.9 0
-22350976616215.8 -27126441151542.2 0
-22420174687350.4 -27210423940565.6 0
-22489372758485 -27294406729588.9 0
-22558570829619.6 -27378389518612.3 0
-22627768900754.2 -27462372307635.6 0
-22696966971888.8 -27546355096658.9 0
-22766165043023.4 -27630337885682.3 0
-22835363114158 -27714320674705.6 0
-22904561185292.6 -27798303463729 0
-22973759256427.2 -27882286252752.3 0
-23042957327561.8 -27966269041775.7 0
-23112155398696.4 -28050251830799 0
-23181353469831 -28134234619822.3 0
-23250551540965.6 -28218217408845.7 0
-23319749612100.1 -28302200197869 0
-23388947683234.7 -28386182986892.4 0
-23458145754369.3 -28470165775915.7 0
-23527343825503.9 -28554148564939.1 0
-23596541896638.5 -28638131353962.4 0
-23665739967773.1 -28722114142985.8 0
-23734938038907.7 -28806096932009.1 0
-23804136110042.3 -28890079721032.4 0
-23873334181176.9 -28974062510055.8 0
-23942532252311.5 -29058045299079.1 0
-24011730323446.1 -29142028088102.5 0
-24080928394580.7 -29226010877125.8 0
-24150126465715.3 -29309993666149.2 0
-24219324536849.9 -29393976455172.5 0
-24288522607984.5 -29477959244195.8 0
-24357720679119.1 -29561942033219.2 0
-24426918750253.6 -29645924822242.5 0
-24496116821388.2 -29729907611265.9 0
-24565314892522.8 -29813890400289.2 0
-24634512963657.4 -29897873189312.6 0
-24703711034792 -29981855978335.9 0
-24772909105926.6 -30065838767359.3 0
-24842107177061.2 -30149821556382.6 0
-24911305248195.8 -30233804345405.9 0
-24980503319330.4 -30317787134429.3 0
-25049701390465 -30401769923452.6 0
-25118899461599.6 -30485752712476 0
-25188097532734.2 -30569735501499.3 0
