9
-4982.46004104614 -487064.869398355 0
-110109666274.247 24911755304.7623 0
-220219327566.036 49823997674.1143 0
-330328988857.826 74736240043.4663 0
-440438650149.616 99648482412.8185 0
-550548311441.406 124560724782.171 0
-660657972733.196 149472967151.523 0
-770767634024.986 174385209520.874 0
-880877295316.776 199297451890.226 0
-990986956608.566 224209694259.578 0
-1101096617900.36 249121936628.93 0
-1211206279192.14 274034178998.282 0
-1321315940483.93 298946421367.634 0
-1431425601775.72 323858663736.987 0
-1541535263067.5 348770906106.339 0
-1651644924359.29 373683148475.692 0
-1761754585651.08 398595390845.044 0
-1871864246942.87 423507633214.397 0
-1981973908234.65 448419875583.749 0
-2092083569526.44 473332117953.102 0
-2202193230818.23 498244360322.455 0
-2312302892110.02 523156602691.807 0
-2422412553401.81 548068845061.16 0
-2532522214693.61 572981087430.512 0
-2642631875985.4 597893329799.865 0
-2752741537277.19 622805572169.217 0
-2862851198568.98 647717814538.57 0
-2972960859860.78 672630056907.922 0
-3083070521152.57 697542299277.275 0
-3193180182444.36 722454541646.627 0
-3303289843736.16 747366784015.98 0
-3413399505027.95 772279026385.332 0
-3523509166319.74 797191268754.685 0
-3633618827611.54 822103511124.037 0
-3743728488903.33 847015753493.39 0
-3853838150195.12 871927995862.743 0
-3963947811486.91 896840238232.095 0
-4074057472778.71 921752480601.448 0
-4184167134070.5 946664722970.8 0
-4294276795362.29 971576965340.153 0
-4404386456654.09 996489207709.505 0
-4514496117945.87 1021401450078.86 0
-4624605779237.65 1046313692448.21 0
-4734715440529.43 1071225934817.56 0
-4844825101821.21 1096138177186.92 0
-4954934763112.99 1121050419556.27 0
-5065044424404.77 1145962661925.62 0
-5175154085696.55 1170874904294.96 0
-5285263746988.34 1195787146664.31 0
-5395373408280.12 1220699389033.66 0
-5505483069571.9 1245611631403.01 0
-5615592730863.68 1270523873772.36 0
-5725702392155.46 1295436116141.71 0
-5835812053447.24 1320348358511.06 0
-5945921714739.02 1345260600880.41 0
-6056031376030.8 1370172843249.76 0
-6166141037322.59 1395085085619.11 0
-6276250698614.37 1419997327988.46 0
-6386360359906.15 1444909570357.81 0
-6496470021197.93 1469821812727.16 0
-6606579682489.71 1494734055096.51 0
-6716689343781.49 1519646297465.86 0
-6826799005073.27 1544558539835.21 0
-6936908666365.05 1569470782204.56 0
-7047018327656.84 1594383024573.91 0
-7157127988948.62 1619295266943.26 0
-7267237650240.4 1644207509312.61 0
-7377347311532.18 1669119751681.96 0
-7487456972823.96 1694031994051.31 0
-7597566634115.74 1718944236420.66 0
-7707676295407.52 1743856478790.01 0
-7817785956699.3 1768768721159.36 0
-7927895617991.09 1793680963528.7 0
-8038005279282.87 1818593205898.05 0
-8148114940574.65 1843505448267.4 0
-8258224601866.43 1868417690636.75 0
-8368334263158.21 1893329933006.1 0
-8478443924449.99 1918242175375.45 0
-8588553585741.77 1943154417744.8 0
-8698663247033.55 1968066660114.15 0
-8808772908325.34 1992978902483.5 0
-8918882569617.12 2017891144852.85 0
-9028992230908.9 2042803387222.2 0
-9139101892200.68 2067715629591.55 0
-9249211553492.46 2092627871960.9 0
-9359321214784.24 2117540114330.25 0
-9469430876076.02 2142452356699.6 0
-9579540537367.8 2167364599068.95 0
-9689650198659.59 2192276841438.3 0
-9799759859951.37 2217189083807.65 0
-9909869521243.15 2242101326177.01 0
-10019979182534.9 2267013568546.36 0
-10130088843826.7 2291925810915.72 0
-10240198505118.5 2316838053285.07 0
-10350308166410.3 2341750295654.43 0
-10460417827702.1 2366662538023.79 0
-10570527488993.8 2391574780393.14 0
-10680637150285.6 2416487022762.5 0
-10790746811577.4 2441399265131.85 0
-10900856472869.2 2466311507501.21 0
-11010966134161 2491223749870.56 0
-11121075795452.7 2516135992239.92 0
-11231185456744.5 2541048234609.27 0
-11341295118036.3 2565960476978.63 0
-11451404779328.1 2590872719347.98 0
-11561514440619.9 2615784961717.34 0
-11671624101911.6 2640697204086.7 0
-11781733763203.4 2665609446456.05 0
-11891843424495.2 2690521688825.41 0
-12001953085787 2715433931194.76 0
-12112062747078.8 2740346173564.12 0
-12222172408370.6 2765258415933.47 0
-12332282069662.3 2790170658302.83 0
-12442391730954.1 2815082900672.18 0
-12552501392245.9 2839995143041.54 0
-12662611053537.7 2864907385410.89 0
-12772720714829.5 2889819627780.25 0
-12882830376121.2 2914731870149.61 0
-12992940037413 2939644112518.96 0
-13103049698704.8 2964556354888.32 0
-13213159359996.6 2989468597257.67 0
-13323269021288.4 3014380839627.03 0
-13433378682580.1 3039293081996.38 0
-13543488343871.9 3064205324365.74 0
-13653598005163.7 3089117566735.09 0
-13763707666455.5 3114029809104.45 0
-13873817327747.3 3138942051473.8 0
-13983926989039.1 3163854293843.16 0
-14094036650330.8 3188766536212.52 0
-14204146311622.6 3213678778581.87 0
-14314255972914.4 3238591020951.23 0
-14424365634206.2 3263503263320.58 0
-14534475295498 3288415505689.94 0
-14644584956789.7 3313327748059.29 0
-14754694618081.5 3338239990428.65 0
-14864804279373.3 3363152232798 0
-14974913940665.1 3388064475167.36 0
-15085023601956.9 3412976717536.71 0
-15195133263248.6 3437888959906.07 0
-15305242924540.4 3462801202275.43 0
-15415352585832.2 3487713444644.78 0
-15525462247124 3512625687014.14 0
-15635571908415.8 3537537929383.49 0
-15745681569707.6 3562450171752.85 0
-15855791230999.3 3587362414122.2 0
-15965900892291.1 3612274656491.56 0
-16076010553582.9 3637186898860.91 0
-16186120214874.7 3662099141230.27 0
-16296229876166.5 3687011383599.63 0
-16406339537458.2 3711923625968.98 0
-16516449198750 3736835868338.34 0
-16626558860041.8 3761748110707.69 0
-16736668521333.6 3786660353077.05 0
-16846778182625.4 3811572595446.4 0
-16956887843917.1 3836484837815.76 0
-17066997505208.9 3861397080185.11 0
-17177107166500.7 3886309322554.47 0
-17287216827792.5 3911221564923.82 0
-17397326489084.3 3936133807293.18 0
-17507436150376.1 3961046049662.54 0
-17617545811667.8 3985958292031.89 0
-17727655472959.6 4010870534401.25 0
-17837765134251.4 4035782776770.6 0
-17947874795543.2 4060695019139.96 0
-18057984456835 4085607261509.31 0
-18168094118126.7 4110519503878.67 0
-18278203779418.5 4135431746248.02 0
-18388313440710.3 4160343988617.38 0
-18498423102002.1 4185256230986.73 0
-18608532763293.9 4210168473356.09 0
-18718642424585.6 4235080715725.45 0
-18828752085877.4 4259992958094.8 0
-18938861747169.2 4284905200464.16 0
-19048971408461 4309817442833.51 0
-19159081069752.8 4334729685202.87 0
-19269190731044.6 4359641927572.22 0
-19379300392336.3 4384554169941.58 0
-19489410053628.1 4409466412310.93 0
-19599519714919.9 4434378654680.27 0
-19709629376211.7 4459290897049.62 0
-19819739037503.5 4484203139418.96 0
-19929848698795.2 4509115381788.3 0
-20039958360087 4534027624157.65 0
-20150068021378.8 4558939866526.99 0
-20260177682670.6 4583852108896.33 0
-20370287343962.4 4608764351265.68 0
-20480397005254.1 4633676593635.02 0
-20590506666545.9 4658588836004.37 0
-20700616327837.7 4683501078373.71 0
-20810725989129.5 4708413320743.05 0
-20920835650421.3 4733325563112.4 0
-21030945311713.1 4758237805481.74 0
-21141054973004.8 4783150047851.08 0
-21251164634296.6 4808062290220.43 0
-21361274295588.4 4832974532589.77 0
-21471383956880.2 4857886774959.12 0
-21581493618172 4882799017328.46 0
-21691603279463.7 4907711259697.8 0
-21801712940755.5 4932623502067.15 0
-21911822602047.3 4957535744436.49 0
-22021932263339.1 4982447986805.83 0
-22132041924630.9 5007360229175.18 0
-22242151585922.6 5032272471544.52 0
-22352261247214.4 5057184713913.87 0
-22462370908506.2 5082096956283.21 0
-22572480569798 5107009198652.55 0
-22682590231089.8 5131921441021.9 0
-22792699892381.6 5156833683391.24 0
-22902809553673.3 5181745925760.58 0
-23012919214965.1 5206658168129.93 0
-23123028876256.9 5231570410499.27 0
-23233138537548.7 5256482652868.62 0
-23343248198840.5 5281394895237.96 0
-23453357860132.2 5306307137607.3 0
-23563467521424 5331219379976.65 0
-23673577182715.8 5356131622345.99 0
-23783686844007.6 5381043864715.33 0
-23893796505299.4 5405956107084.68 0
-24003906166591.1 5430868349454.02 0
-24114015827882.9 5455780591823.37 0
-24224125489174.7 5480692834192.71 0
-24334235150466.5 5505605076562.05 0
-24444344811758.3 5530517318931.4 0
-24554454473050.1 5555429561300.74 0
-24664564134341.8 5580341803670.08 0
-24774673795633.6 5605254046039.43 0
-24884783456925.4 5630166288408.77 0
-24994893118217.2 5655078530778.12 0
-25105002779509 5679990773147.46 0
-25215112440800.7 5704903015516.8 0
-25325222102092.5 5729815257886.15 0
-25435331763384.3 5754727500255.49 0
-25545441424676.1 5779639742624.83 0
-25655551085967.9 5804551984994.18 0
-25765660747259.6 5829464227363.52 0
-25875770408551.4 5854376469732.87 0
-25985880069843.2 5879288712102.21 0
-26095989731135 5904200954471.55 0
-26206099392426.8 5929113196840.9 0
-26316209053718.6 5954025439210.24 0
-26426318715010.3 5978937681579.58 0
-26536428376302.1 6003849923948.93 0
-26646538037593.9 6028762166318.27 0
-26756647698885.7 6053674408687.62 0
-26866757360177.5 6078586651056.96 0
-26976867021469.2 6103498893426.3 0
-27086976682761 6128411135795.65 0
-27197086344052.8 6153323378164.99 0
-27307196005344.6 6178235620534.33 0
-27417305666636.4 6203147862903.68 0
-27527415327928.1 6228060105273.02 0
-27637524989219.9 6252972347642.37 0
-27747634650511.7 6277884590011.71 0
-27857744311803.5 6302796832381.05 0
-27967853973095.3 6327709074750.4 0
-28077963634387.1 6352621317119.74 0
-28188073295678.8 6377533559489.08 0
-28298182956970.6 6402445801858.43 0
-28408292618262.4 6427358044227.77 0
-28518402279554.2 6452270286597.12 0
-28628511940846 6477182528966.46 0
-28738621602137.7 6502094771335.8 0
-28848731263429.5 6527007013705.15 0
-28958840924721.3 6551919256074.49 0
-29068950586013.1 6576831498443.83 0
-29179060247304.9 6601743740813.18 0
-29289169908596.6 6626655983182.52 0
-29399279569888.4 6651568225551.87 0
-29509389231180.2 6676480467921.21 0
-29619498892472 6701392710290.55 0
-29729608553763.8 6726304952659.9 0
-29839718215055.6 6751217195029.24 0
-29949827876347.3 6776129437398.58 0
-30059937537639.1 6801041679767.93 0
-30170047198930.9 6825953922137.27 0
-30280156860222.7 6850866164506.62 0
-30390266521514.5 6875778406875.96 0
-30500376182806.2 6900690649245.3 0
-30610485844098 6925602891614.65 0
-30720595505389.8 6950515133983.99 0
-30830705166681.6 6975427376353.33 0
-30940814827973.4 7000339618722.68 0
-31050924489265.1 7025251861092.02 0
-31161034150556.9 7050164103461.37 0
-31271143811848.7 7075076345830.71 0
-31381253473140.5 7099988588200.05 0
-31491363134432.3 7124900830569.4 0
-31601472795724.1 7149813072938.74 0
-31711582457015.8 7174725315308.08 0
-31821692118307.6 7199637557677.43 0
-31931801779599.4 7224549800046.77 0
-32041911440891.2 7249462042416.12 0
-32152021102183 7274374284785.46 0
-32262130763474.7 7299286527154.8 0
-32372240424766.5 7324198769524.15 0
-32482350086058.3 7349111011893.49 0
-32592459747350.1 7374023254262.83 0
-32702569408641.9 7398935496632.18 0
-32812679069933.6 7423847739001.52 0
-32922788731225.4 7448759981370.87 0
-33032898392517.2 7473672223740.21 0
-33143008053809 7498584466109.55 0
-33253117715100.8 7523496708478.9 0
-33363227376392.6 7548408950848.24 0
-33473337037684.3 7573321193217.58 0
-33583446698976.1 7598233435586.93 0
-33693556360267.9 7623145677956.27 0
-33803666021559.7 7648057920325.62 0
-33913775682851.5 7672970162694.96 0
-34023885344143.2 7697882405064.3 0
-34133995005435 7722794647433.65 0
-34244104666726.8 7747706889802.99 0
-34354214328018.6 7772619132172.33 0
-34464323989310.4 7797531374541.68 0
-34574433650602.1 7822443616911.02 0
-34684543311893.9 7847355859280.37 0
-34794652973185.7 7872268101649.71 0
-34904762634477.5 7897180344019.05 0
-35014872295769.3 7922092586388.4 0
-35124981957061.1 7947004828757.74 0
-35235091618352.9 7971917071127.08 0
-35345201279644.8 7996829313496.43 0
-35455310940936.6 8021741555865.77 0
-35565420602228.5 8046653798235.12 0
-35675530263520.4 8071566040604.46 0
-35785639924812.3 8096478282973.8 0
-35895749586104.1 8121390525343.15 0
-36005859247396 8146302767712.49 0
-36115968908687.9 8171215010081.83 0
-36226078569979.8 8196127252451.18 0
-36336188231271.6 8221039494820.52 0
-36446297892563.5 8245951737189.87 0
-36556407553855.4 8270863979559.21 0
-36666517215147.3 8295776221928.55 0
-36776626876439.1 8320688464297.9 0
-36886736537731 8345600706667.24 0
-36996846199022.9 8370512949036.58 0
-37106955860314.8 8395425191405.93 0
-37217065521606.6 8420337433775.27 0
-37327175182898.5 8445249676144.62 0
-37437284844190.4 8470161918513.96 0
-37547394505482.3 8495074160883.3 0
-37657504166774.1 8519986403252.65 0
-37767613828066 8544898645621.99 0
-37877723489357.9 8569810887991.33 0
-37987833150649.8 8594723130360.68 0
-38097942811941.6 8619635372730.02 0
-38208052473233.5 8644547615099.37 0
-38318162134525.4 8669459857468.71 0
-38428271795817.3 8694372099838.05 0
-38538381457109.1 8719284342207.4 0
-38648491118401 8744196584576.74 0
-38758600779692.9 8769108826946.08 0
-38868710440984.8 8794021069315.43 0
-38978820102276.6 8818933311684.77 0
-39088929763568.5 8843845554054.12 0
-39199039424860.4 8868757796423.46 0
-39309149086152.3 8893670038792.8 0
-39419258747444.1 8918582281162.15 0
-39529368408736 8943494523531.49 0
-39639478070027.9 8968406765900.83 0
-39749587731319.8 8993319008270.18 0
-39859697392611.6 9018231250639.52 0
-39969807053903.5 9043143493008.87 0
-40079916715195.4 9068055735378.21 0
