6
124778.541333675 814488.958116412 0
33853629791.0684 -7136385196.59277 0
67707134803.6103 -14273584882.0471 0
101560639816.152 -21410784567.5013 0
135414144828.694 -28547984252.9556 0
169267649841.236 -35685183938.4099 0
203121154853.777 -42822383623.8642 0
236974659866.319 -49959583309.3186 0
270828164878.86 -57096782994.7729 0
304681669891.402 -64233982680.2272 0
338535174903.943 -71371182365.6816 0
372388679916.485 -78508382051.1359 0
406242184929.026 -85645581736.5903 0
440095689941.568 -92782781422.0446 0
473949194954.109 -99919981107.499 0
507802699966.651 -107057180792.953 0
541656204979.192 -114194380478.408 0
575509709991.735 -121331580163.862 0
609363215004.278 -128468779849.316 0
643216720016.821 -135605979534.771 0
677070225029.364 -142743179220.225 0
710923730041.907 -149880378905.679 0
744777235054.45 -157017578591.134 0
778630740066.993 -164154778276.588 0
812484245079.536 -171291977962.042 0
846337750092.078 -178429177647.497 0
880191255104.621 -185566377332.951 0
914044760117.164 -192703577018.405 0
947898265129.707 -199840776703.86 0
981751770142.25 -206977976389.314 0
1015605275154.79 -214115176074.768 0
1049458780167.34 -221252375760.223 0
1083312285179.88 -228389575445.677 0
1117165790192.42 -235526775131.132 0
1151019295204.97 -242663974816.586 0
1184872800217.51 -249801174502.04 0
1218726305230.05 -256938374187.495 0
1252579810242.59 -264075573872.949 0
1286433315255.14 -271212773558.403 0
1320286820267.68 -278349973243.857 0
1354140325280.22 -285487172929.311 0
1387993830292.77 -292624372614.764 0
1421847335305.31 -299761572300.218 0
1455700840317.85 -306898771985.672 0
1489554345330.39 -314035971671.125 0
1523407850342.94 -321173171356.579 0
1557261355355.48 -328310371042.033 0
1591114860368.02 -335447570727.486 0
1624968365380.57 -342584770412.94 0
1658821870393.11 -349721970098.393 0
1692675375405.65 -356859169783.847 0
1726528880418.2 -363996369469.301 0
1760382385430.74 -371133569154.754 0
1794235890443.28 -378270768840.208 0
1828089395455.82 -385407968525.661 0
1861942900468.37 -392545168211.115 0
1895796405480.91 -399682367896.569 0
1929649910493.45 -406819567582.022 0
1963503415506 -413956767267.476 0
1997356920518.54 -421093966952.93 0
2031210425531.08 -428231166638.383 0
2065063930543.63 -435368366323.837 0
2098917435556.17 -442505566009.29 0
2132770940568.71 -449642765694.744 0
2166624445581.25 -456779965380.198 0
2200477950593.8 -463917165065.651 0
2234331455606.34 -471054364751.105 0
2268184960618.88 -478191564436.558 0
2302038465631.43 -485328764122.012 0
2335891970643.97 -492465963807.466 0
2369745475656.51 -499603163492.919 0
2403598980669.05 -506740363178.373 0
2437452485681.6 -513877562863.826 0
2471305990694.14 -521014762549.28 0
2505159495706.68 -528151962234.734 0
2539013000719.23 -535289161920.187 0
2572866505731.77 -542426361605.641 0
2606720010744.31 -549563561291.095 0
2640573515756.86 -556700760976.55 0
2674427020769.4 -563837960662.005 0
2708280525781.94 -570975160347.46 0
2742134030794.48 -578112360032.915 0
2775987535807.03 -585249559718.37 0
2809841040819.57 -592386759403.825 0
2843694545832.11 -599523959089.28 0
2877548050844.66 -606661158774.735 0
2911401555857.2 -613798358460.19 0
2945255060869.74 -620935558145.645 0
2979108565882.29 -628072757831.1 0
3012962070894.83 -635209957516.555 0
3046815575907.37 -642347157202.011 0
3080669080919.91 -649484356887.466 0
3114522585932.46 -656621556572.921 0
3148376090945 -663758756258.376 0
3182229595957.54 -670895955943.831 0
3216083100970.09 -678033155629.286 0
3249936605982.63 -685170355314.741 0
3283790110995.17 -692307555000.196 0
3317643616007.71 -699444754685.651 0
3351497121020.26 -706581954371.106 0
3385350626032.8 -713719154056.561 0
3419204131045.34 -720856353742.016 0
3453057636057.89 -727993553427.471 0
3486911141070.43 -735130753112.927 0
3520764646082.97 -742267952798.382 0
3554618151095.52 -749405152483.837 0
3588471656108.06 -756542352169.292 0
3622325161120.6 -763679551854.747 0
3656178666133.14 -770816751540.202 0
3690032171145.69 -777953951225.657 0
3723885676158.23 -785091150911.112 0
3757739181170.77 -792228350596.567 0
3791592686183.32 -799365550282.022 0
3825446191195.86 -806502749967.477 0
3859299696208.4 -813639949652.932 0
3893153201220.95 -820777149338.387 0
3927006706233.49 -827914349023.843 0
3960860211246.03 -835051548709.298 0
3994713716258.57 -842188748394.753 0
4028567221271.12 -849325948080.208 0
4062420726283.66 -856463147765.663 0
4096274231296.2 -863600347451.118 0
4130127736308.75 -870737547136.573 0
4163981241321.29 -877874746822.028 0
4197834746333.83 -885011946507.483 0
4231688251346.38 -892149146192.938 0
4265541756358.92 -899286345878.393 0
4299395261371.46 -906423545563.848 0
4333248766384 -913560745249.303 0
4367102271396.55 -920697944934.759 0
4400955776409.09 -927835144620.214 0
4434809281421.62 -934972344305.669 0
4468662786434.15 -942109543991.124 0
4502516291446.68 -949246743676.579 0
4536369796459.21 -956383943362.034 0
4570223301471.75 -963521143047.489 0
4604076806484.28 -970658342732.944 0
4637930311496.81 -977795542418.399 0
4671783816509.34 -984932742103.854 0
4705637321521.87 -992069941789.309 0
4739490826534.4 -999207141474.764 0
4773344331546.93 -1006344341160.22 0
4807197836559.46 -1013481540845.67 0
4841051341572 -1020618740531.13 0
4874904846584.53 -1027755940216.58 0
4908758351597.06 -1034893139902.04 0
4942611856609.59 -1042030339587.49 0
4976465361622.12 -1049167539272.95 0
5010318866634.65 -1056304738958.41 0
5044172371647.18 -1063441938643.86 0
5078025876659.71 -1070579138329.32 0
5111879381672.25 -1077716338014.77 0
5145732886684.78 -1084853537700.23 0
5179586391697.31 -1091990737385.68 0
5213439896709.84 -1099127937071.14 0
5247293401722.37 -1106265136756.59 0
5281146906734.9 -1113402336442.05 0
5315000411747.43 -1120539536127.5 0
5348853916759.96 -1127676735812.96 0
5382707421772.5 -1134813935498.41 0
5416560926785.03 -1141951135183.87 0
5450414431797.56 -1149088334869.32 0
5484267936810.09 -1156225534554.78 0
5518121441822.62 -1163362734240.23 0
5551974946835.15 -1170499933925.69 0
5585828451847.68 -1177637133611.14 0
5619681956860.21 -1184774333296.6 0
5653535461872.75 -1191911532982.05 0
5687388966885.28 -1199048732667.51 0
5721242471897.81 -1206185932352.96 0
5755095976910.34 -1213323132038.42 0
5788949481922.87 -1220460331723.87 0
5822802986935.4 -1227597531409.33 0
5856656491947.93 -1234734731094.78 0
5890509996960.46 -1241871930780.24 0
5924363501973 -1249009130465.69 0
5958217006985.53 -1256146330151.15 0
5992070511998.06 -1263283529836.6 0
6025924017010.59 -1270420729522.06 0
6059777522023.12 -1277557929207.51 0
6093631027035.65 -1284695128892.97 0
6127484532048.18 -1291832328578.42 0
6161338037060.71 -1298969528263.88 0
6195191542073.25 -1306106727949.33 0
6229045047085.78 -1313243927634.79 0
6262898552098.31 -1320381127320.24 0
6296752057110.84 -1327518327005.7 0
6330605562123.37 -1334655526691.15 0
6364459067135.9 -1341792726376.61 0
6398312572148.43 -1348929926062.06 0
6432166077160.96 -1356067125747.52 0
6466019582173.5 -1363204325432.97 0
6499873087186.03 -1370341525118.43 0
6533726592198.56 -1377478724803.88 0
6567580097211.09 -1384615924489.34 0
6601433602223.62 -1391753124174.79 0
6635287107236.15 -1398890323860.25 0
6669140612248.68 -1406027523545.7 0
6702994117261.21 -1413164723231.16 0
6736847622273.75 -1420301922916.61 0
6770701127286.28 -1427439122602.07 0
6804554632298.81 -1434576322287.52 0
6838408137311.34 -1441713521972.98 0
6872261642323.87 -1448850721658.43 0
6906115147336.4 -1455987921343.89 0
6939968652348.93 -1463125121029.34 0
6973822157361.46 -1470262320714.8 0
7007675662374 -1477399520400.25 0
7041529167386.53 -1484536720085.71 0
7075382672399.06 -1491673919771.16 0
7109236177411.59 -1498811119456.62 0
7143089682424.12 -1505948319142.08 0
7176943187436.65 -1513085518827.53 0
7210796692449.18 -1520222718512.99 0
7244650197461.71 -1527359918198.44 0
7278503702474.25 -1534497117883.9 0
7312357207486.78 -1541634317569.35 0
7346210712499.31 -1548771517254.81 0
7380064217511.84 -1555908716940.26 0
7413917722524.37 -1563045916625.72 0
7447771227536.9 -1570183116311.17 0
7481624732549.43 -1577320315996.63 0
7515478237561.96 -1584457515682.08 0
7549331742574.5 -1591594715367.54 0
7583185247587.03 -1598731915052.99 0
7617038752599.56 -1605869114738.45 0
7650892257612.09 -1613006314423.9 0
7684745762624.62 -1620143514109.36 0
7718599267637.15 -1627280713794.81 0
7752452772649.68 -1634417913480.27 0
7786306277662.21 -1641555113165.72 0
7820159782674.75 -1648692312851.18 0
7854013287687.28 -1655829512536.63 0
7887866792699.81 -1662966712222.09 0
7921720297712.34 -1670103911907.54 0
7955573802724.87 -1677241111593 0
7989427307737.4 -1684378311278.45 0
8023280812749.93 -1691515510963.91 0
8057134317762.46 -1698652710649.36 0
8090987822775 -1705789910334.82 0
8124841327787.53 -1712927110020.27 0
8158694832800.06 -1720064309705.73 0
8192548337812.59 -1727201509391.18 0
8226401842825.12 -1734338709076.64 0
8260255347837.65 -1741475908762.09 0
8294108852850.18 -1748613108447.55 0
8327962357862.71 -1755750308133 0
8361815862875.25 -1762887507818.46 0
8395669367887.78 -1770024707503.91 0
8429522872900.31 -1777161907189.37 0
8463376377912.84 -1784299106874.82 0
8497229882925.37 -1791436306560.28 0
8531083387937.9 -1798573506245.73 0
8564936892950.43 -1805710705931.19 0
8598790397962.96 -1812847905616.64 0
8632643902975.5 -1819985105302.1 0
8666497407988.03 -1827122304987.55 0
8700350913000.56 -1834259504673.01 0
8734204418013.09 -1841396704358.46 0
8768057923025.62 -1848533904043.92 0
8801911428038.15 -1855671103729.37 0
8835764933050.68 -1862808303414.83 0
8869618438063.21 -1869945503100.28 0
8903471943075.75 -1877082702785.74 0
8937325448088.28 -1884219902471.19 0
8971178953100.81 -1891357102156.65 0
9005032458113.34 -1898494301842.1 0
9038885963125.87 -1905631501527.56 0
9072739468138.4 -1912768701213.01 0
9106592973150.93 -1919905900898.47 0
9140446478163.46 -1927043100583.92 0
9174299983176 -1934180300269.38 0
9208153488188.53 -1941317499954.83 0
9242006993201.06 -1948454699640.29 0
9275860498213.59 -1955591899325.74 0
9309714003226.12 -1962729099011.2 0
9343567508238.65 -1969866298696.66 0
9377421013251.18 -1977003498382.11 0
9411274518263.71 -1984140698067.57 0
9445128023276.25 -1991277897753.02 0
9478981528288.78 -1998415097438.48 0
9512835033301.31 -2005552297123.93 0
9546688538313.84 -2012689496809.39 0
9580542043326.37 -2019826696494.84 0
9614395548338.9 -2026963896180.3 0
9648249053351.43 -2034101095865.75 0
9682102558363.96 -2041238295551.21 0
9715956063376.5 -2048375495236.66 0
9749809568389.03 -2055512694922.12 0
9783663073401.56 -2062649894607.57 0
9817516578414.09 -2069787094293.03 0
9851370083426.62 -2076924293978.48 0
9885223588439.15 -2084061493663.94 0
9919077093451.68 -2091198693349.39 0
9952930598464.21 -2098335893034.85 0
9986784103476.75 -2105473092720.3 0
10020637608489.3 -2112610292405.76 0
10054491113501.8 -2119747492091.21 0
10088344618514.3 -2126884691776.67 0
10122198123526.9 -2134021891462.12 0
10156051628539.4 -2141159091147.58 0
10189905133551.9 -2148296290833.03 0
10223758638564.5 -2155433490518.49 0
10257612143577 -2162570690203.94 0
10291465648589.5 -2169707889889.4 0
10325319153602.1 -2176845089574.85 0
10359172658614.6 -2183982289260.31 0
10393026163627.1 -2191119488945.76 0
10426879668639.7 -2198256688631.22 0
10460733173652.2 -2205393888316.67 0
10494586678664.7 -2212531088002.12 0
10528440183677.2 -2219668287687.57 0
10562293688689.8 -2226805487373.02 0
10596147193702.3 -2233942687058.46 0
10630000698714.8 -2241079886743.91 0
10663854203727.4 -2248217086429.36 0
10697707708739.9 -2255354286114.81 0
10731561213752.4 -2262491485800.26 0
10765414718765 -2269628685485.71 0
10799268223777.5 -2276765885171.16 0
10833121728790 -2283903084856.61 0
10866975233802.6 -2291040284542.06 0
10900828738815.1 -2298177484227.51 0
10934682243827.6 -2305314683912.96 0
10968535748840.2 -2312451883598.41 0
11002389253852.7 -2319589083283.86 0
11036242758865.2 -2326726282969.3 0
11070096263877.7 -2333863482654.75 0
11103949768890.3 -2341000682340.2 0
11137803273902.8 -2348137882025.65 0
11171656778915.3 -2355275081711.1 0
11205510283927.9 -2362412281396.55 0
11239363788940.4 -2369549481082 0
11273217293952.9 -2376686680767.45 0
11307070798965.5 -2383823880452.9 0
11340924303978 -2390961080138.35 0
11374777808990.5 -2398098279823.8 0
11408631314003.1 -2405235479509.25 0
11442484819015.6 -2412372679194.69 0
11476338324028.1 -2419509878880.14 0
11510191829040.7 -2426647078565.59 0
11544045334053.2 -2433784278251.04 0
11577898839065.7 -2440921477936.49 0
11611752344078.2 -2448058677621.94 0
11645605849090.8 -2455195877307.39 0
11679459354103.3 -2462333076992.84 0
11713312859115.8 -2469470276678.29 0
11747166364128.4 -2476607476363.74 0
11781019869140.9 -2483744676049.19 0
11814873374153.4 -2490881875734.64 0
11848726879166 -2498019075420.09 0
11882580384178.5 -2505156275105.53 0
11916433889191 -2512293474790.98 0
11950287394203.6 -2519430674476.43 0
11984140899216.1 -2526567874161.88 0
12017994404228.6 -2533705073847.33 0
12051847909241.2 -2540842273532.78 0
12085701414253.7 -2547979473218.23 0
12119554919266.2 -2555116672903.68 0
12153408424278.7 -2562253872589.13 0
12187261929291.3 -2569391072274.58 0
12221115434303.8 -2576528271960.03 0
12254968939316.3 -2583665471645.48 0
12288822444328.9 -2590802671330.93 0
12322675949341.4 -2597939871016.37 0
