0
0 0 0
-392.503678075097 -1869.69161631772 0
-793.358424101232 -3779.16398639774 0
-1194.21316469008 -5688.63636251401 0
-1595.06790307273 -7598.10874108076 0
-1995.92264025105 -9507.58112098547 0
-2396.77737666923 -11417.0535017348 0
-2797.63211256358 -13326.5258830661 0
-3198.48684807488 -15235.9982648232 0
-3599.34158329383 -17145.4706469051 0
-4000.1963182823 -19054.9430292431 0
-4401.05105308439 -20964.4154117883 0
-4801.90578773263 -22873.8877945045 0
-5202.76052225172 -24783.3601773642 0
-5603.61525666085 -26692.8325603461 0
-6004.46999097523 -28602.3049434333 0
-6405.32472520711 -30511.7773266122 0
-6806.17945936651 -32421.2497098717 0
-7207.03419346174 -34330.7220932025 0
-7607.88892749974 -36240.1944765969 0
-8008.74366148639 -38149.6668600484 0
-8409.59839542671 -40059.1392435514 0
-8810.45312932502 -41968.611627101 0
-9211.30786318506 -43878.0840106932 0
-9612.16259701008 -45787.5563943243 0
-10013.017330803 -47697.0287779912 0
-10413.8720645662 -49606.501161691 0
-10814.7267983021 -51515.9735454212 0
-11215.5815320125 -53425.4459291796 0
-11616.4362656994 -55334.9183129643 0
-12017.2909993642 -57244.3906967735 0
-12418.1457330085 -59153.8630806056 0
-12819.0004666335 -61063.335464459 0
-13219.8552002405 -62972.8078483324 0
-13620.7099338305 -64882.2802322248 0
-14021.5646674044 -66791.752616135 0
-14422.4194009633 -68701.225000062 0
-14823.2741345079 -70610.6973840048 0
-15224.128868039 -72520.1697679627 0
-15624.9836015572 -74429.6421519349 0
-16025.8383350633 -76339.1145359206 0
-16426.6930685579 -78248.5869199191 0
-16827.5478020414 -80158.0593039299 0
-17228.4025355145 -82067.5316879524 0
-17629.2572689775 -83977.004071986 0
-18030.1120024311 -85886.4764560302 0
-18430.9667358755 -87795.9488400846 0
-18831.8214693111 -89705.4212241487 0
-19232.6762027384 -91614.8936082221 0
-19633.5309361576 -93524.3659923044 0
-20034.3856695691 -95433.8383763952 0
-20435.2404029732 -97343.310760494 0
-20836.0951363702 -99252.7831446007 0
-21236.9498697603 -101162.255528715 0
-21637.8046031439 -103071.727912837 0
-22038.6593365212 -104981.200296965 0
-22439.5140698924 -106890.672681101 0
-22840.3688032577 -108800.145065243 0
-23241.2235366173 -110709.617449391 0
-23642.0782699714 -112619.089833546 0
-24042.9330033202 -114528.562217706 0
-24443.7877366638 -116438.034601872 0
-24844.6424700025 -118347.506986044 0
-25245.4972033364 -120256.979370221 0
-25646.3519366656 -122166.451754403 0
-26047.2066699902 -124075.92413859 0
-26448.0614033105 -125985.396522782 0
-26848.9161366266 -127894.868906979 0
-27249.7708699386 -129804.34129118 0
-27650.6256032465 -131713.813675386 0
-28051.4803365505 -133623.286059596 0
-28452.3350698508 -135532.75844381 0
-28853.1898031474 -137442.230828029 0
-29254.0445364405 -139351.703212251 0
-29654.89926973 -141261.175596477 0
-30055.7540030162 -143170.647980707 0
-30456.6087362991 -145080.120364941 0
-30857.4634695789 -146989.592749178 0
-31258.3182028554 -148899.065133419 0
-31659.172936129 -150808.537517663 0
-32060.0276693996 -152718.00990191 0
-32460.8824026673 -154627.482286161 0
-32861.7371359321 -156536.954670414 0
-33262.5918691944 -158446.427054671 0
-33663.4466024539 -160355.899438931 0
-34064.3013357108 -162265.371823193 0
-34465.1560689651 -164174.844207459 0
-34866.010802217 -166084.316591727 0
-35266.8655354664 -167993.788975998 0
-35667.7202687134 -169903.261360272 0
-36068.5750019581 -171812.733744548 0
-36469.4297352005 -173722.206128826 0
-36870.2844684406 -175631.678513108 0
-37271.1392016786 -177541.150897391 0
-37671.9939349144 -179450.623281677 0
-38072.8486681482 -181360.095665966 0
-38473.7034013799 -183269.568050256 0
-38874.5581346096 -185179.040434549 0
-39275.4128678373 -187088.512818844 0
-39676.2676010631 -188997.985203141 0
-40077.122334287 -190907.457587441 0
-40477.9770675091 -192816.929971742 0
-40878.8318007294 -194726.402356045 0
-41279.6865339479 -196635.874740351 0
-41680.5412671646 -198545.347124658 0
-42081.3960003796 -200454.819508967 0
-42482.250733593 -202364.291893278 0
-42883.1054668047 -204273.764277591 0
-43283.9602000148 -206183.236661906 0
-43684.8149332233 -208092.709046222 0
-44085.6696664302 -210002.18143054 0
-44486.5243996357 -211911.65381486 0
-44887.3791328396 -213821.126199182 0
-45288.233866042 -215730.598583505 0
-45689.088599243 -217640.070967829 0
-46089.9433324426 -219549.543352156 0
-46490.7980656408 -221459.015736484 0
-46891.6527988376 -223368.488120813 0
-47292.5075320331 -225277.960505144 0
-47693.3622652272 -227187.432889476 0
-48094.21699842 -229096.90527381 0
-48495.0717316116 -231006.377658146 0
-48895.9264648018 -232915.850042482 0
-49296.7811979909 -234825.32242682 0
-49697.6359311787 -236734.79481116 0
-50098.4906643653 -238644.2671955 0
-50499.3453975507 -240553.739579842 0
-50900.200130735 -242463.211964186 0
-51301.0548639181 -244372.68434853 0
-51701.9095971001 -246282.156732876 0
-52102.764330281 -248191.629117223 0
-52503.6190634608 -250101.101501572 0
-52904.4737966395 -252010.573885921 0
-53305.3285298171 -253920.046270272 0
-53706.1832629937 -255829.518654624 0
-54107.0379961693 -257738.991038977 0
-54507.8927293438 -259648.463423331 0
-54908.7474625174 -261557.935807686 0
-55309.60219569 -263467.408192043 0
-55710.4569288616 -265376.8805764 0
-56111.3116620322 -267286.352960759 0
-56512.1663952019 -269195.825345118 0
-56913.0211283707 -271105.297729479 0
-57313.8758615386 -273014.77011384 0
-57714.7305947055 -274924.242498203 0
-58115.5853278716 -276833.714882566 0
-58516.4400610368 -278743.187266931 0
-58917.2947942011 -280652.659651297 0
-59318.1495273645 -282562.132035663 0
-59719.0042605272 -284471.60442003 0
-60119.8589936889 -286381.076804399 0
-60520.7137268499 -288290.549188768 0
-60921.5684600101 -290200.021573138 0
-61322.4231931694 -292109.493957509 0
-61723.277926328 -294018.966341881 0
-62124.1326594858 -295928.438726254 0
-62524.9873926428 -297837.911110628 0
-62925.842125799 -299747.383495002 0
-63326.6968589545 -301656.855879377 0
-63727.5515921093 -303566.328263754 0
-64128.4063252633 -305475.80064813 0
-64529.2610584166 -307385.273032508 0
-64930.1157915692 -309294.745416887 0
-65330.9705247212 -311204.217801266 0
-65731.8252578724 -313113.690185646 0
-66132.6799910229 -315023.162570027 0
-66533.5347241727 -316932.634954409 0
-66934.3894573219 -318842.107338791 0
-67335.2441904704 -320751.579723174 0
-67736.0989236182 -322661.052107558 0
-68136.9536567654 -324570.524491943 0
-68537.808389912 -326479.996876328 0
-68938.6631230579 -328389.469260714 0
-69339.5178562032 -330298.941645101 0
-69740.3725893479 -332208.414029488 0
-70141.2273224919 -334117.886413876 0
-70542.0820556354 -336027.358798265 0
-70942.9367887783 -337936.831182654 0
-71343.7915219206 -339846.303567044 0
-71744.6462550623 -341755.775951435 0
-72145.5009882034 -343665.248335826 0
-72546.3557213439 -345574.720720218 0
-72947.2104544839 -347484.19310461 0
-73348.0651876234 -349393.665489004 0
-73748.9199207622 -351303.137873398 0
-74149.7746539006 -353212.610257792 0
-74550.6293870384 -355122.082642187 0
-74951.4841201757 -357031.555026582 0
-75352.3388533124 -358941.027410979 0
-75753.1935864486 -360850.499795375 0
-76154.0483195843 -362759.972179773 0
-76554.9030527195 -364669.444564171 0
-76955.7577858541 -366578.916948569 0
-77356.6125189883 -368488.389332968 0
-77757.467252122 -370397.861717368 0
-78158.3219852551 -372307.334101768 0
-78559.1767183879 -374216.806486169 0
-78960.0314515201 -376126.27887057 0
-79360.8861846518 -378035.751254972 0
-79761.7409177831 -379945.223639374 0
-80162.5956509139 -381854.696023777 0
-80563.4503840442 -383764.16840818 0
-80964.3051171741 -385673.640792584 0
-81365.1598503035 -387583.113176988 0
-81766.0145834325 -389492.585561393 0
-82166.869316561 -391402.057945798 0
-82567.7240496891 -393311.530330204 0
-82968.5787828168 -395221.00271461 0
-83369.433515944 -397130.475099017 0
-83770.2882490708 -399039.947483424 0
-84171.1429821972 -400949.419867832 0
-84571.9977153232 -402858.89225224 0
-84972.8524484487 -404768.364636649 0
-85373.7071815738 -406677.837021058 0
-85774.5619146986 -408587.309405467 0
-86175.4166478229 -410496.781789877 0
-86576.2713809469 -412406.254174288 0
-86977.1261140704 -414315.726558698 0
-87377.9808471935 -416225.19894311 0
-87778.8355803162 -418134.671327522 0
-88179.6903134386 -420044.143711934 0
-88580.5450465606 -421953.616096346 0
-88981.3997796822 -423863.08848076 0
-89382.2545128034 -425772.560865173 0
-89783.1092459243 -427682.033249586 0
-90183.9639790448 -429591.505634001 0
-90584.8187121649 -431500.978018416 0
-90985.6734452847 -433410.45040283 0
-91386.5281784041 -435319.922787246 0
-91787.3829115231 -437229.395171662 0
-92188.2376446418 -439138.867556078 0
-92589.0923777602 -441048.339940495 0
-92989.9471108782 -442957.812324912 0
-93390.8018439958 -444867.284709329 0
-93791.6565771131 -446776.757093747 0
-94192.5113102301 -448686.229478165 0
-94593.3660433467 -450595.701862584 0
-94994.220776463 -452505.174247003 0
-95395.075509579 -454414.646631421 0
-95795.9302426947 -456324.119015841 0
-96196.78497581 -458233.591400262 0
-96597.639708925 -460143.063784682 0
-96998.4944420397 -462052.536169102 0
-97399.3491751541 -463962.008553523 0
-97800.2039082682 -465871.480937945 0
-98201.0586413819 -467780.953322367 0
-98601.9133744954 -469690.425706788 0
-99002.7681076085 -471599.898091211 0
-99403.6228407213 -473509.370475634 0
-99804.4775738339 -475418.842860057 0
-100205.332306946 -477328.31524448 0
-100606.187040058 -479237.787628904 0
-101007.04177317 -481147.260013328 0
-101407.896506281 -483056.732397753 0
-101808.751239392 -484966.204782177 0
-102209.605972503 -486875.677166602 0
-102610.460705613 -488785.149551028 0
-103011.315438724 -490694.621935454 0
-103412.170171834 -492604.094319879 0
-103813.024904943 -494513.566704305 0
-104213.879638053 -496423.039088732 0
-104614.734371162 -498332.511473159 0
-105015.589104271 -500241.983857586 0
-105416.443837379 -502151.456242014 0
-105817.298570487 -504060.928626441 0
-106218.153303595 -505970.40101087 0
-106619.008036703 -507879.873395298 0
-107019.862769811 -509789.345779727 0
-107420.717502918 -511698.818164155 0
-107821.572236025 -513608.290548584 0
-108222.426969132 -515517.762933014 0
-108623.281702238 -517427.235317444 0
-109024.136435344 -519336.707701874 0
-109424.99116845 -521246.180086304 0
-109825.845901556 -523155.652470735 0
-110226.700634662 -525065.124855166 0
-110627.555367767 -526974.597239598 0
-111028.410100872 -528884.069624029 0
-111429.264833977 -530793.54200846 0
-111830.119567081 -532703.014392892 0
-112230.974300186 -534612.486777323 0
-112631.82903329 -536521.959161755 0
-113032.683766393 -538431.431546187 0
-113433.538499497 -540340.903930621 0
-113834.3932326 -542250.376315056 0
-114235.247965704 -544159.84869949 0
-114636.102698806 -546069.321083924 0
-115036.957431909 -547978.793468358 0
-115437.812165012 -549888.265852792 0
-115838.666898114 -551797.738237227 0
-116239.521631216 -553707.210621661 0
-116640.376364318 -555616.683006095 0
-117041.231097419 -557526.155390529 0
-117442.08583052 -559435.627774964 0
-117842.940563622 -561345.100159401 0
-118243.795296723 -563254.572543838 0
-118644.650029823 -565164.044928275 0
-119045.504762924 -567073.517312712 0
-119446.359496024 -568982.989697149 0
-119847.214229124 -570892.462081586 0
-120248.068962224 -572801.934466023 0
-120648.923695324 -574711.40685046 0
-121049.778428423 -576620.879234897 0
-121450.633161522 -578530.351619334 0
-121851.487894622 -580439.824003771 0
-122252.34262772 -582349.296388208 0
-122653.197360819 -584258.768772648 0
-123054.052093917 -586168.241157088 0
-123454.906827016 -588077.713541527 0
-123855.761560114 -589987.185925967 0
-124256.616293212 -591896.658310407 0
-124657.471026309 -593806.130694847 0
-125058.325759407 -595715.603079286 0
-125459.180492504 -597625.075463726 0
-125860.035225601 -599534.547848166 0
-126260.889958698 -601444.020232606 0
-126661.744691795 -603353.492617046 0
-127062.599424892 -605262.965001485 0
-127463.454157988 -607172.437385925 0
-127864.308891084 -609081.909770367 0
-128265.16362418 -610991.38215481 0
-128666.018357276 -612900.854539252 0
-129066.873090372 -614810.326923695 0
-129467.727823467 -616719.799308138 0
-129868.582556562 -618629.27169258 0
-130269.437289658 -620538.744077023 0
-130670.292022753 -622448.216461465 0
-131071.146755847 -624357.688845908 0
-131472.001488942 -626267.161230351 0
-131872.856222036 -628176.633614793 0
-132273.710955131 -630086.105999236 0
-132674.565688225 -631995.578383678 0
-133075.420421319 -633905.050768121 0
-133476.275154412 -635814.523152565 0
-133877.129887506 -637723.99553701 0
-134277.984620599 -639633.467921455 0
-134678.839353693 -641542.940305901 0
-135079.694086786 -643452.412690346 0
-135480.548819879 -645361.885074792 0
-135881.403552972 -647271.357459237 0
-136282.258286064 -649180.829843682 0
-136683.113019156 -651090.302228128 0
-137083.967752249 -652999.774612573 0
-137484.822485341 -654909.246997018 0
-137885.677218433 -656818.719381464 0
-138286.531951525 -658728.191765909 0
-138687.386684616 -660637.664150354 0
-139088.241417708 -662547.1365348 0
-139489.096150799 -664456.608919245 0
-139889.95088389 -666366.081303693 0
-140290.805616981 -668275.553688141 0
-140691.660350073 -670185.026072589 0
-141092.515083163 -672094.498457037 0
-141493.369816254 -674003.970841485 0
-141894.224549344 -675913.443225933 0
-142295.079282434 -677822.915610382 0
-142695.934015525 -679732.38799483 0
-143096.788748615 -681641.860379278 0
-143497.643481704 -683551.332763726 0
-143898.498214794 -685460.805148174 0
-144299.352947884 -687370.277532622 0
-144700.207680974 -689279.749917071 0
-145101.062414063 -691189.222301519 0
-145501.917147152 -693098.694685967 0
-145902.771880241 -695008.167070415 0
