7
-135554.498058796 -600714.209785938 0
-64013690951.495 14540102466.0946 0
-128027246348.531 29080805646.2282 0
-192040801745.566 43621508826.3619 0
-256054357142.601 58162212006.4956 0
-320067912539.636 72702915186.6292 0
-384081467936.671 87243618366.7629 0
-448095023333.706 101784321546.897 0
-512108578730.742 116325024727.03 0
-576122134127.777 130865727907.164 0
-640135689524.812 145406431087.297 0
-704149244921.847 159947134267.431 0
-768162800318.882 174487837447.564 0
-832176355715.917 189028540627.697 0
-896189911112.953 203569243807.831 0
-960203466509.988 218109946987.964 0
-1024217021907.02 232650650168.097 0
-1088230577304.06 247191353348.23 0
-1152244132701.09 261732056528.364 0
-1216257688098.13 276272759708.497 0
-1280271243495.16 290813462888.63 0
-1344284798892.2 305354166068.764 0
-1408298354289.23 319894869248.897 0
-1472311909686.27 334435572429.03 0
-1536325465083.3 348976275609.164 0
-1600339020480.34 363516978789.297 0
-1664352575877.37 378057681969.43 0
-1728366131274.41 392598385149.563 0
-1792379686671.44 407139088329.697 0
-1856393242068.48 421679791509.83 0
-1920406797465.52 436220494689.963 0
-1984420352862.55 450761197870.097 0
-2048433908259.59 465301901050.23 0
-2112447463656.62 479842604230.363 0
-2176461019053.66 494383307410.497 0
-2240474574450.69 508924010590.63 0
-2304488129847.73 523464713770.763 0
-2368501685244.76 538005416950.896 0
-2432515240641.8 552546120131.03 0
-2496528796038.83 567086823311.165 0
-2560542351435.87 581627526491.3 0
-2624555906832.9 596168229671.434 0
-2688569462229.94 610708932851.569 0
-2752583017626.97 625249636031.704 0
-2816596573024.01 639790339211.839 0
-2880610128421.04 654331042391.973 0
-2944623683818.08 668871745572.108 0
-3008637239215.11 683412448752.243 0
-3072650794612.15 697953151932.378 0
-3136664350009.18 712493855112.512 0
-3200677905406.22 727034558292.647 0
-3264691460803.25 741575261472.782 0
-3328705016200.29 756115964652.917 0
-3392718571597.32 770656667833.052 0
-3456732126994.36 785197371013.186 0
-3520745682391.39 799738074193.321 0
-3584759237788.43 814278777373.456 0
-3648772793185.46 828819480553.591 0
-3712786348582.5 843360183733.725 0
-3776799903979.53 857900886913.86 0
-3840813459376.57 872441590093.995 0
-3904827014773.61 886982293274.13 0
-3968840570170.64 901522996454.264 0
-4032854125567.68 916063699634.399 0
-4096867680964.71 930604402814.534 0
-4160881236361.75 945145105994.669 0
-4224894791758.78 959685809174.803 0
-4288908347155.82 974226512354.938 0
-4352921902552.85 988767215535.073 0
-4416935457949.89 1003307918715.21 0
-4480949013346.94 1017848621895.34 0
-4544962568743.98 1032389325075.48 0
-4608976124141.03 1046930028255.61 0
-4672989679538.08 1061470731435.75 0
-4737003234935.12 1076011434615.88 0
-4801016790332.17 1090552137796.02 0
-4865030345729.22 1105092840976.15 0
-4929043901126.26 1119633544156.29 0
-4993057456523.31 1134174247336.42 0
-5057071011920.36 1148714950516.56 0
-5121084567317.41 1163255653696.69 0
-5185098122714.45 1177796356876.83 0
-5249111678111.5 1192337060056.96 0
-5313125233508.55 1206877763237.09 0
-5377138788905.59 1221418466417.23 0
-5441152344302.64 1235959169597.36 0
-5505165899699.69 1250499872777.5 0
-5569179455096.73 1265040575957.63 0
-5633193010493.78 1279581279137.77 0
-5697206565890.83 1294121982317.9 0
-5761220121287.87 1308662685498.04 0
-5825233676684.92 1323203388678.17 0
-5889247232081.97 1337744091858.31 0
-5953260787479.01 1352284795038.44 0
-6017274342876.06 1366825498218.58 0
-6081287898273.11 1381366201398.71 0
-6145301453670.16 1395906904578.85 0
-6209315009067.2 1410447607758.98 0
-6273328564464.25 1424988310939.12 0
-6337342119861.3 1439529014119.25 0
-6401355675258.34 1454069717299.39 0
-6465369230655.39 1468610420479.52 0
-6529382786052.44 1483151123659.66 0
-6593396341449.48 1497691826839.79 0
-6657409896846.53 1512232530019.92 0
-6721423452243.58 1526773233200.06 0
-6785437007640.62 1541313936380.19 0
-6849450563037.67 1555854639560.33 0
-6913464118434.72 1570395342740.46 0
-6977477673831.76 1584936045920.6 0
-7041491229228.81 1599476749100.73 0
-7105504784625.86 1614017452280.87 0
-7169518340022.91 1628558155461 0
-7233531895419.95 1643098858641.14 0
-7297545450817 1657639561821.27 0
-7361559006214.05 1672180265001.41 0
-7425572561611.09 1686720968181.54 0
-7489586117008.14 1701261671361.68 0
-7553599672405.19 1715802374541.81 0
-7617613227802.23 1730343077721.95 0
-7681626783199.28 1744883780902.08 0
-7745640338596.33 1759424484082.22 0
-7809653893993.37 1773965187262.35 0
-7873667449390.42 1788505890442.49 0
-7937681004787.47 1803046593622.62 0
-8001694560184.51 1817587296802.75 0
-8065708115581.56 1832127999982.89 0
-8129721670978.61 1846668703163.02 0
-8193735226375.66 1861209406343.16 0
-8257748781772.7 1875750109523.29 0
-8321762337169.75 1890290812703.43 0
-8385775892566.8 1904831515883.56 0
-8449789447963.84 1919372219063.7 0
-8513803003360.89 1933912922243.83 0
-8577816558757.94 1948453625423.97 0
-8641830114154.98 1962994328604.1 0
-8705843669552.03 1977535031784.24 0
-8769857224949.08 1992075734964.37 0
-8833870780346.12 2006616438144.51 0
-8897884335743.17 2021157141324.64 0
-8961897891140.22 2035697844504.78 0
-9025911446537.26 2050238547684.91 0
-9089925001934.31 2064779250865.05 0
-9153938557331.36 2079319954045.18 0
-9217952112728.4 2093860657225.32 0
-9281965668125.45 2108401360405.45 0
-9345979223522.5 2122942063585.58 0
-9409992778919.54 2137482766765.72 0
-9474006334316.59 2152023469945.85 0
-9538019889713.64 2166564173125.99 0
-9602033445110.69 2181104876306.12 0
-9666047000507.73 2195645579486.26 0
-9730060555904.78 2210186282666.39 0
-9794074111301.83 2224726985846.52 0
-9858087666698.87 2239267689026.65 0
-9922101222095.92 2253808392206.78 0
-9986114777492.97 2268349095386.9 0
-10050128332890 2282889798567.03 0
-10114141888287.1 2297430501747.16 0
-10178155443684.1 2311971204927.29 0
-10242168999081.2 2326511908107.42 0
-10306182554478.2 2341052611287.55 0
-10370196109875.2 2355593314467.68 0
-10434209665272.3 2370134017647.81 0
-10498223220669.3 2384674720827.94 0
-10562236776066.4 2399215424008.06 0
-10626250331463.4 2413756127188.19 0
-10690263886860.5 2428296830368.32 0
-10754277442257.5 2442837533548.45 0
-10818290997654.6 2457378236728.58 0
-10882304553051.6 2471918939908.71 0
-10946318108448.7 2486459643088.84 0
-11010331663845.7 2501000346268.97 0
-11074345219242.8 2515541049449.1 0
-11138358774639.8 2530081752629.22 0
-11202372330036.9 2544622455809.35 0
-11266385885433.9 2559163158989.48 0
-11330399440831 2573703862169.61 0
-11394412996228 2588244565349.74 0
-11458426551625 2602785268529.87 0
-11522440107022.1 2617325971710 0
-11586453662419.1 2631866674890.13 0
-11650467217816.2 2646407378070.26 0
-11714480773213.2 2660948081250.38 0
-11778494328610.3 2675488784430.51 0
-11842507884007.3 2690029487610.64 0
-11906521439404.4 2704570190790.77 0
-11970534994801.4 2719110893970.9 0
-12034548550198.5 2733651597151.03 0
-12098562105595.5 2748192300331.16 0
-12162575660992.6 2762733003511.29 0
-12226589216389.6 2777273706691.42 0
-12290602771786.7 2791814409871.54 0
-12354616327183.7 2806355113051.67 0
-12418629882580.7 2820895816231.8 0
-12482643437977.8 2835436519411.93 0
-12546656993374.8 2849977222592.06 0
-12610670548771.9 2864517925772.19 0
-12674684104168.9 2879058628952.32 0
-12738697659566 2893599332132.45 0
-12802711214963 2908140035312.58 0
-12866724770360.1 2922680738492.71 0
-12930738325757.1 2937221441672.83 0
-12994751881154.2 2951762144852.96 0
-13058765436551.2 2966302848033.09 0
-13122778991948.3 2980843551213.22 0
-13186792547345.3 2995384254393.35 0
-13250806102742.4 3009924957573.48 0
-13314819658139.4 3024465660753.61 0
-13378833213536.5 3039006363933.74 0
-13442846768933.5 3053547067113.87 0
-13506860324330.5 3068087770293.99 0
-13570873879727.6 3082628473474.12 0
-13634887435124.6 3097169176654.25 0
-13698900990521.7 3111709879834.38 0
-13762914545918.7 3126250583014.51 0
-13826928101315.8 3140791286194.64 0
-13890941656712.8 3155331989374.77 0
-13954955212109.9 3169872692554.9 0
-14018968767506.9 3184413395735.03 0
-14082982322904 3198954098915.15 0
-14146995878301 3213494802095.28 0
-14211009433698.1 3228035505275.41 0
-14275022989095.1 3242576208455.54 0
-14339036544492.2 3257116911635.67 0
-14403050099889.2 3271657614815.8 0
-14467063655286.2 3286198317995.93 0
-14531077210683.3 3300739021176.06 0
-14595090766080.3 3315279724356.19 0
-14659104321477.4 3329820427536.31 0
-14723117876874.4 3344361130716.44 0
-14787131432271.5 3358901833896.57 0
-14851144987668.5 3373442537076.7 0
-14915158543065.6 3387983240256.83 0
-14979172098462.6 3402523943436.96 0
-15043185653859.7 3417064646617.09 0
-15107199209256.7 3431605349797.22 0
-15171212764653.8 3446146052977.35 0
-15235226320050.8 3460686756157.47 0
-15299239875447.9 3475227459337.6 0
-15363253430844.9 3489768162517.73 0
-15427266986242 3504308865697.86 0
-15491280541639 3518849568877.99 0
-15555294097036 3533390272058.12 0
-15619307652433.1 3547930975238.25 0
-15683321207830.1 3562471678418.38 0
-15747334763227.2 3577012381598.51 0
-15811348318624.2 3591553084778.63 0
-15875361874021.3 3606093787958.76 0
-15939375429418.3 3620634491138.89 0
-16003388984815.4 3635175194319.02 0
-16067402540212.4 3649715897499.15 0
-16131416095609.5 3664256600679.28 0
-16195429651006.5 3678797303859.41 0
-16259443206403.6 3693338007039.54 0
-16323456761800.6 3707878710219.67 0
-16387470317197.7 3722419413399.79 0
-16451483872594.7 3736960116579.92 0
-16515497427991.7 3751500819760.05 0
-16579510983388.8 3766041522940.18 0
-16643524538785.8 3780582226120.31 0
-16707538094182.9 3795122929300.44 0
-16771551649579.9 3809663632480.57 0
-16835565204977 3824204335660.7 0
-16899578760374 3838745038840.83 0
-16963592315771.1 3853285742020.96 0
-17027605871168.1 3867826445201.08 0
-17091619426565.2 3882367148381.21 0
-17155632981962.2 3896907851561.34 0
-17219646537359.3 3911448554741.47 0
-17283660092756.3 3925989257921.6 0
-17347673648153.4 3940529961101.73 0
-17411687203550.4 3955070664281.86 0
-17475700758947.5 3969611367461.99 0
-17539714314344.5 3984152070642.12 0
-17603727869741.5 3998692773822.24 0
-17667741425138.5 4013233477002.37 0
-17731754980535.5 4027774180182.5 0
-17795768535932.5 4042314883362.63 0
-17859782091329.5 4056855586542.76 0
-17923795646726.5 4071396289722.89 0
-17987809202123.5 4085936992903.02 0
-18051822757520.5 4100477696083.15 0
-18115836312917.5 4115018399263.28 0
-18179849868314.5 4129559102443.4 0
-18243863423711.5 4144099805623.53 0
-18307876979108.5 4158640508803.66 0
-18371890534505.5 4173181211983.79 0
-18435904089902.5 4187721915163.92 0
-18499917645299.5 4202262618344.05 0
-18563931200696.5 4216803321524.18 0
-18627944756093.5 4231344024704.31 0
-18691958311490.5 4245884727884.44 0
-18755971866887.5 4260425431064.56 0
-18819985422284.5 4274966134244.69 0
-18883998977681.5 4289506837424.82 0
-18948012533078.5 4304047540604.95 0
-19012026088475.5 4318588243785.08 0
-19076039643872.5 4333128946965.21 0
-19140053199269.5 4347669650145.34 0
-19204066754666.5 4362210353325.47 0
-19268080310063.5 4376751056505.6 0
-19332093865460.5 4391291759685.72 0
-19396107420857.5 4405832462865.86 0
-19460120976254.5 4420373166046 0
-19524134531651.5 4434913869226.14 0
-19588148087048.5 4449454572406.28 0
-19652161642445.5 4463995275586.42 0
-19716175197842.5 4478535978766.56 0
-19780188753239.5 4493076681946.7 0
-19844202308636.5 4507617385126.84 0
-19908215864033.5 4522158088306.98 0
-19972229419430.5 4536698791487.13 0
-20036242974827.5 4551239494667.27 0
-20100256530224.5 4565780197847.41 0
-20164270085621.5 4580320901027.55 0
-20228283641018.5 4594861604207.69 0
-20292297196415.5 4609402307387.83 0
-20356310751812.5 4623943010567.97 0
-20420324307209.5 4638483713748.11 0
-20484337862606.5 4653024416928.25 0
-20548351418003.5 4667565120108.39 0
-20612364973400.5 4682105823288.53 0
-20676378528797.5 4696646526468.67 0
-20740392084194.5 4711187229648.81 0
-20804405639591.5 4725727932828.95 0
-20868419194988.5 4740268636009.09 0
-20932432750385.5 4754809339189.23 0
-20996446305782.5 4769350042369.38 0
-21060459861179.5 4783890745549.52 0
-21124473416576.5 4798431448729.66 0
-21188486971973.5 4812972151909.8 0
-21252500527370.5 4827512855089.94 0
-21316514082767.5 4842053558270.08 0
-21380527638164.5 4856594261450.22 0
-21444541193561.5 4871134964630.36 0
-21508554748958.5 4885675667810.5 0
-21572568304355.5 4900216370990.64 0
-21636581859752.5 4914757074170.78 0
-21700595415149.5 4929297777350.92 0
-21764608970546.5 4943838480531.06 0
-21828622525943.5 4958379183711.2 0
-21892636081340.5 4972919886891.34 0
-21956649636737.5 4987460590071.48 0
-22020663192134.5 5002001293251.63 0
-22084676747531.5 5016541996431.77 0
-22148690302928.5 5031082699611.91 0
-22212703858325.5 5045623402792.05 0
-22276717413722.5 5060164105972.19 0
-22340730969119.5 5074704809152.33 0
-22404744524516.5 5089245512332.47 0
-22468758079913.5 5103786215512.61 0
-22532771635310.5 5118326918692.75 0
-22596785190707.5 5132867621872.89 0
-22660798746104.5 5147408325053.03 0
-22724812301501.5 5161949028233.17 0
-22788825856898.5 5176489731413.31 0
-22852839412295.5 5191030434593.45 0
-22916852967692.5 5205571137773.59 0
-22980866523089.5 5220111840953.73 0
-23044880078486.5 5234652544133.88 0
-23108893633883.5 5249193247314.02 0
-23172907189280.5 5263733950494.16 0
-23236920744677.5 5278274653674.3 0
-23300934300074.5 5292815356854.44 0
