2
-3029164.21480398 187431.723080695 0
206841311.61481 2576344984.56666 0
416711787.437237 5152502537.41075 0
626582263.259664 7728660090.25484 0
836452739.082091 10304817643.0989 0
1046323214.90452 12880975195.943 0
1256193690.72695 15457132748.7871 0
1466064166.54938 18033290301.6311 0
1675934642.37181 20609447854.4753 0
1885805118.19424 23185605407.3194 0
2095675594.01667 25761762960.1635 0
2305546069.8391 28337920513.0076 0
2515416545.66152 30914078065.8517 0
2725287021.48395 33490235618.6958 0
2935157497.30638 36066393171.54 0
3145027973.12881 38642550724.3841 0
3354898448.95124 41218708277.2282 0
3564768924.77367 43794865830.0723 0
3774639400.5961 46371023382.9164 0
3984509876.41853 48947180935.7605 0
4194380352.24096 51523338488.6047 0
4404250828.06339 54099496041.4488 0
4614121303.8858 56675653594.2929 0
4823991779.70822 59251811147.137 0
5033862255.53064 61827968699.9811 0
5243732731.35306 64404126252.8252 0
5453603207.17548 66980283805.6694 0
5663473682.9979 69556441358.5135 0
5873344158.82031 72132598911.3576 0
6083214634.64273 74708756464.2017 0
6293085110.46515 77284914017.0458 0
6502955586.28757 79861071569.8899 0
6712826062.10999 82437229122.734 0
6922696537.9324 85013386675.5782 0
7132567013.75482 87589544228.4223 0
7342437489.57724 90165701781.2664 0
7552307965.39966 92741859334.1105 0
7762178441.22208 95318016886.9546 0
7972048917.0445 97894174439.7987 0
8181919392.86691 100470331992.643 0
8391789868.68933 103046489545.487 0
8601660344.51175 105622647098.331 0
8811530820.33417 108198804651.175 0
9021401296.15659 110774962204.019 0
9231271771.97901 113351119756.863 0
9441142247.80142 115927277309.708 0
9651012723.62384 118503434862.552 0
9860883199.44626 121079592415.396 0
10070753675.2687 123655749968.24 0
10280624151.0911 126231907521.084 0
10490494626.9135 128808065073.928 0
10700365102.7359 131384222626.772 0
10910235578.5584 133960380179.616 0
11120106054.3808 136536537732.46 0
11329976530.2032 139112695285.304 0
11539847006.0256 141688852838.148 0
11749717481.848 144265010390.992 0
11959587957.6704 146841167943.836 0
12169458433.4929 149417325496.679 0
12379328909.3153 151993483049.523 0
12589199385.1377 154569640602.367 0
12799069860.9601 157145798155.211 0
13008940336.7825 159721955708.054 0
13218810812.605 162298113260.898 0
13428681288.4274 164874270813.742 0
13638551764.2498 167450428366.586 0
13848422240.0722 170026585919.429 0
14058292715.8946 172602743472.273 0
14268163191.717 175178901025.117 0
14478033667.5395 177755058577.961 0
14687904143.3619 180331216130.804 0
14897774619.1843 182907373683.648 0
15107645095.0067 185483531236.492 0
15317515570.8291 188059688789.336 0
15527386046.6516 190635846342.179 0
15737256522.474 193212003895.023 0
15947126998.2964 195788161447.867 0
16156997474.1188 198364319000.711 0
16366867949.9412 200940476553.554 0
16576738425.7636 203516634106.398 0
16786608901.5861 206092791659.242 0
16996479377.4085 208668949212.086 0
17206349853.2309 211245106764.929 0
17416220329.0533 213821264317.773 0
17626090804.8757 216397421870.617 0
17835961280.6982 218973579423.461 0
18045831756.5206 221549736976.304 0
18255702232.343 224125894529.148 0
18465572708.1654 226702052081.992 0
18675443183.9878 229278209634.836 0
18885313659.8102 231854367187.679 0
19095184135.6327 234430524740.523 0
19305054611.4551 237006682293.367 0
19514925087.2775 239582839846.211 0
19724795563.0999 242158997399.054 0
19934666038.9223 244735154951.898 0
20144536514.7448 247311312504.742 0
20354406990.5672 249887470057.586 0
20564277466.3896 252463627610.429 0
20774147942.212 255039785163.273 0
20984018418.0344 257615942716.117 0
21193888893.8568 260192100268.961 0
21403759369.6793 262768257821.804 0
21613629845.5017 265344415374.648 0
21823500321.3241 267920572927.492 0
22033370797.1465 270496730480.336 0
22243241272.9689 273072888033.179 0
22453111748.7914 275649045586.023 0
22662982224.6138 278225203138.867 0
22872852700.4362 280801360691.711 0
23082723176.2586 283377518244.554 0
23292593652.081 285953675797.398 0
23502464127.9034 288529833350.242 0
23712334603.7259 291105990903.086 0
23922205079.5483 293682148455.929 0
24132075555.3707 296258306008.773 0
24341946031.1931 298834463561.617 0
24551816507.0155 301410621114.461 0
24761686982.838 303986778667.304 0
24971557458.6604 306562936220.148 0
25181427934.4828 309139093772.992 0
25391298410.3052 311715251325.836 0
25601168886.1276 314291408878.679 0
25811039361.95 316867566431.523 0
26020909837.7725 319443723984.367 0
26230780313.5949 322019881537.211 0
26440650789.4173 324596039090.054 0
26650521265.2397 327172196642.898 0
26860391741.0621 329748354195.742 0
27070262216.8846 332324511748.586 0
27280132692.707 334900669301.429 0
27490003168.5294 337476826854.273 0
27699873644.3518 340052984407.117 0
27909744120.1742 342629141959.961 0
28119614595.9966 345205299512.804 0
28329485071.8191 347781457065.648 0
28539355547.6415 350357614618.492 0
28749226023.4639 352933772171.336 0
28959096499.2863 355509929724.179 0
29168966975.1087 358086087277.023 0
29378837450.9312 360662244829.867 0
29588707926.7536 363238402382.711 0
29798578402.576 365814559935.554 0
30008448878.3984 368390717488.398 0
30218319354.2208 370966875041.242 0
30428189830.0432 373543032594.086 0
30638060305.8657 376119190146.929 0
30847930781.6881 378695347699.773 0
31057801257.5105 381271505252.617 0
31267671733.3329 383847662805.461 0
31477542209.1553 386423820358.304 0
31687412684.9778 388999977911.148 0
31897283160.8002 391576135463.992 0
32107153636.6226 394152293016.836 0
32317024112.445 396728450569.679 0
32526894588.2674 399304608122.523 0
32736765064.0898 401880765675.367 0
32946635539.9123 404456923228.211 0
33156506015.7347 407033080781.054 0
33366376491.5571 409609238333.898 0
33576246967.3795 412185395886.742 0
33786117443.2019 414761553439.586 0
33995987919.0244 417337710992.429 0
34205858394.8468 419913868545.273 0
34415728870.6692 422490026098.117 0
34625599346.4917 425066183650.961 0
34835469822.3142 427642341203.804 0
35045340298.1367 430218498756.648 0
35255210773.9593 432794656309.492 0
35465081249.7818 435370813862.336 0
35674951725.6043 437946971415.179 0
35884822201.4268 440523128968.023 0
36094692677.2493 443099286520.867 0
36304563153.0718 445675444073.711 0
36514433628.8943 448251601626.554 0
36724304104.7168 450827759179.398 0
36934174580.5393 453403916732.242 0
37144045056.3618 455980074285.086 0
37353915532.1844 458556231837.929 0
37563786008.0069 461132389390.773 0
37773656483.8294 463708546943.617 0
37983526959.6519 466284704496.461 0
38193397435.4744 468860862049.304 0
38403267911.2969 471437019602.148 0
38613138387.1194 474013177154.992 0
38823008862.9419 476589334707.836 0
39032879338.7644 479165492260.679 0
39242749814.5869 481741649813.523 0
39452620290.4095 484317807366.367 0
39662490766.232 486893964919.211 0
39872361242.0545 489470122472.054 0
40082231717.877 492046280024.898 0
40292102193.6995 494622437577.742 0
40501972669.522 497198595130.586 0
40711843145.3445 499774752683.429 0
40921713621.167 502350910236.273 0
41131584096.9895 504927067789.117 0
41341454572.812 507503225341.961 0
41551325048.6346 510079382894.804 0
41761195524.4571 512655540447.648 0
41971066000.2796 515231698000.492 0
42180936476.1021 517807855553.336 0
42390806951.9246 520384013106.179 0
42600677427.7471 522960170659.023 0
42810547903.5696 525536328211.867 0
43020418379.3921 528112485764.711 0
43230288855.2146 530688643317.554 0
43440159331.0371 533264800870.398 0
43650029806.8597 535840958423.242 0
43859900282.6822 538417115976.086 0
44069770758.5047 540993273528.929 0
44279641234.3272 543569431081.773 0
44489511710.1497 546145588634.617 0
44699382185.9722 548721746187.461 0
44909252661.7947 551297903740.304 0
45119123137.6172 553874061293.148 0
45328993613.4397 556450218845.992 0
45538864089.2622 559026376398.836 0
45748734565.0847 561602533951.679 0
45958605040.9073 564178691504.523 0
46168475516.7298 566754849057.367 0
46378345992.5523 569331006610.211 0
46588216468.3748 571907164163.054 0
46798086944.1973 574483321715.898 0
47007957420.0198 577059479268.742 0
47217827895.8423 579635636821.586 0
47427698371.6648 582211794374.429 0
47637568847.4873 584787951927.273 0
47847439323.3098 587364109480.117 0
48057309799.1324 589940267032.961 0
48267180274.9549 592516424585.804 0
48477050750.7774 595092582138.648 0
48686921226.5999 597668739691.492 0
48896791702.4224 600244897244.336 0
49106662178.2449 602821054797.179 0
49316532654.0674 605397212350.023 0
49526403129.8899 607973369902.867 0
49736273605.7124 610549527455.711 0
49946144081.5349 613125685008.554 0
50156014557.3575 615701842561.398 0
50365885033.18 618278000114.242 0
50575755509.0025 620854157667.086 0
50785625984.825 623430315219.929 0
50995496460.6475 626006472772.773 0
51205366936.47 628582630325.617 0
51415237412.2925 631158787878.461 0
51625107888.115 633734945431.304 0
51834978363.9375 636311102984.148 0
52044848839.76 638887260536.992 0
52254719315.5826 641463418089.836 0
52464589791.4051 644039575642.679 0
52674460267.2276 646615733195.523 0
52884330743.0501 649191890748.367 0
53094201218.8726 651768048301.211 0
53304071694.6951 654344205854.054 0
53513942170.5176 656920363406.898 0
53723812646.3401 659496520959.742 0
53933683122.1626 662072678512.586 0
54143553597.9851 664648836065.429 0
54353424073.8076 667224993618.273 0
54563294549.6302 669801151171.117 0
54773165025.4527 672377308723.961 0
54983035501.2752 674953466276.804 0
55192905977.0977 677529623829.648 0
55402776452.9202 680105781382.492 0
55612646928.7427 682681938935.336 0
55822517404.5652 685258096488.179 0
56032387880.3877 687834254041.023 0
56242258356.2102 690410411593.867 0
56452128832.0327 692986569146.711 0
56661999307.8553 695562726699.554 0
56871869783.6778 698138884252.398 0
57081740259.5003 700715041805.242 0
57291610735.3228 703291199358.086 0
57501481211.1453 705867356910.929 0
57711351686.9678 708443514463.773 0
57921222162.7903 711019672016.617 0
58131092638.6128 713595829569.461 0
58340963114.4353 716171987122.304 0
58550833590.2578 718748144675.148 0
58760704066.0804 721324302227.992 0
58970574541.9029 723900459780.836 0
59180445017.7254 726476617333.679 0
59390315493.5479 729052774886.523 0
59600185969.3704 731628932439.367 0
59810056445.1929 734205089992.211 0
60019926921.0154 736781247545.054 0
60229797396.8379 739357405097.898 0
60439667872.6604 741933562650.742 0
60649538348.4829 744509720203.586 0
60859408824.3055 747085877756.429 0
61069279300.128 749662035309.273 0
61279149775.9505 752238192862.117 0
61489020251.773 754814350414.961 0
61698890727.5955 757390507967.804 0
61908761203.418 759966665520.648 0
62118631679.2405 762542823073.492 0
62328502155.063 765118980626.336 0
62538372630.8855 767695138179.179 0
62748243106.708 770271295732.023 0
62958113582.5305 772847453284.867 0
63167984058.3531 775423610837.711 0
63377854534.1756 777999768390.554 0
63587725009.9981 780575925943.398 0
63797595485.8206 783152083496.242 0
64007465961.6431 785728241049.086 0
64217336437.4656 788304398601.929 0
64427206913.2881 790880556154.773 0
64637077389.1106 793456713707.617 0
64846947864.9331 796032871260.461 0
65056818340.7556 798609028813.304 0
65266688816.5782 801185186366.148 0
65476559292.4007 803761343918.992 0
65686429768.2232 806337501471.836 0
65896300244.0457 808913659024.679 0
66106170719.8682 811489816577.523 0
66316041195.6907 814065974130.367 0
66525911671.5132 816642131683.211 0
66735782147.3357 819218289236.054 0
66945652623.1582 821794446788.898 0
67155523098.9807 824370604341.742 0
67365393574.8033 826946761894.586 0
67575264050.6258 829522919447.429 0
67785134526.4483 832099077000.273 0
67995005002.2708 834675234553.117 0
68204875478.0933 837251392105.961 0
68414745953.9158 839827549658.804 0
68624616429.7383 842403707211.648 0
68834486905.5608 844979864764.492 0
69044357381.3833 847556022317.336 0
69254227857.2058 850132179870.179 0
69464098333.0284 852708337423.023 0
69673968808.8509 855284494975.867 0
69883839284.6734 857860652528.711 0
70093709760.4959 860436810081.554 0
70303580236.3184 863012967634.398 0
70513450712.1409 865589125187.242 0
70723321187.9634 868165282740.086 0
70933191663.7859 870741440292.929 0
71143062139.6084 873317597845.773 0
71352932615.4309 875893755398.617 0
71562803091.2534 878469912951.461 0
71772673567.076 881046070504.304 0
71982544042.8985 883622228057.148 0
72192414518.721 886198385609.992 0
72402284994.5435 888774543162.836 0
72612155470.366 891350700715.679 0
72822025946.1885 893926858268.523 0
73031896422.011 896503015821.367 0
73241766897.8335 899079173374.211 0
73451637373.656 901655330927.054 0
73661507849.4785 904231488479.898 0
73871378325.3011 906807646032.742 0
74081248801.1236 909383803585.586 0
74291119276.9461 911959961138.429 0
74500989752.7686 914536118691.273 0
74710860228.5911 917112276244.117 0
74920730704.4136 919688433796.961 0
75130601180.2361 922264591349.804 0
75340471656.0586 924840748902.648 0
75550342131.8811 927416906455.492 0
75760212607.7036 929993064008.336 0
75970083083.5262 932569221561.179 0
76179953559.3487 935145379114.023 0
76389824035.1712 937721536666.867 0
